366623
440226
454795
180160
444051
420024
172918
241216
114789
217475
231721
456375
460066
457794
150853
408057
373216
262299
419703
197850
368230
414461
431071
105701
161077
221148
419253
220765
456737
213570
403478
176169
239442
206011
133155
373696
443146
452009
189592
214254
441672
183859
215309
180203
449384
405748
372523
448707
450137
189574
262031
417008
141307
101499
223056
401481
223320
101161
117788
458335
244446
441779
227836
243647
198950
425986
167224
449816
457590
406024
112817
409209
132976
165608
448363
117894
154651
199786
405003
454449
247047
166805
198710
451121
438504
454333
106892
215239
114071
459860
212373
218140
455336
109819
161378
460118
204884
250601
149204
383172
450784
183983
372240
366155
184144
153773
425870
428019
458025
166823
364955
137315
456551
454537
457235
451015
387925
367158
101949
184357
113573
176062
436702
188988
437583
168883
431886
454023
446880
204662
441362
208080
174482
420802
441168
106281
458469
185916
227304
141945
182722
438869
203614
459310
203960
135416
447768
204060
152327
214892
211954
452559
137591
418968
376224
451307
443632
458803
451741
226125
229425
407577
411754
237145
138284
457448
162104
231280
118930
418560
363077
431956
242954
224758
452780
418612
460464
243568
419217
217244
228316
409537
208433
459444
203146
363387
182883
367334
145682
418588
227058
175263
416980
407328
123013
121707
106625
146278
237039
212382
459046
146472
220163
456977
107549
158893
102711
384379
238096
418700
452045
415729
447759
226329
234951
246008
417901
11835610
122384
454175
437723
241182
178217
367972
107664
171304
459295
229151
447360
142489
137865
391564
129181
447351
445665
419183
243416
242149
178077
202949
434362
456153
111717
214528
175883
222761
225788
168519
216445
457934
207607
449269
126289
451468
454944
161615
178129
161864
418199
189811
117706
174686
174136
449144
430847
143516
212975
446242
430980
234377
441566
447917
195687
203881
366438
445841
450863
446084
189477
412535
212878
455947
201609
149842
450827
114266
198668
438267
224253
169275
201751
107099
156310
459569
144467
126605
369695
434344
460604
225308
145433
225876
406361
206394
374927
116563
450793
375106
105792
104443
456302
162690
439020
158158
241191
235149
366544
126863
139986
383792
209700
414452
221157
450650
456995
457208
428338
220808
224660
213376
403469
198525
420103
449773
130873
455761
212568
118125
451334
213215
127732
377485
241331
151962
120421
244491
441928
449393
189565
209445
442408
447856
393180
431716
383765
449153
230418
413918
201131
159090
458654
441706
180373
419721
449551
160445
406033
215415
368805
448600
374592
409032
102076
150437
443845
248633
436854
236559
117247
160010
459879
444477
218159
150765
181765
233408
204893
456889
204723
375559
206358
438708
206923
368799
383163
154448
427919
101028
151069
166586
420608
143853
215682
458016
219392
455549
141848
367413
374440
391582
376987
227003
448141
371830
176071
213996
454786
199838
211307
206039
173559
441371
378956
219338
448044
448257
458274
454999
185679
436632
107725
451592
173799
449685
118134
227313
443854
235352
167297
447838
444671
459301
205708
250285
458478
105525
451219
452461
365213
242972
451352
455309
443623
427991
121178
443641
445470
446446
248624
210890
454494
163754
120953
237604
407504
377421
184870
146296
455789
143464
442976
393977
209153
457457
114123
167871
414939
380447
157650
179195
214582
198376
212434
419226
390905
208035
456898
367361
142179
190035
203155
459453
442648
454661
261676
134024
142559
175528
243179
431558
451200
233037
172200
198570
114080
414841
364548
138479
236027
146454
450076
239460
419420
456092
128577
119216
210340
115010
126359
143695
237996
201618
407179
160667
232919
367264
235343
109907
443438
452081
178785
189954
155292
171313
242316
365125
250027
444705
115490
157483
445461
202736
155520
373890
177685
218520
157711
442727
445498
243407
115472
459231
229638
242130
440846
178004
385503
446215
105677
457703
184056
457925
447430
230490
207670
159267
417804
454953
458636
229522
158617
434575
445726
417576
404994
174127
388663
446525
127389
441575
417390
243188
228699
213686
374316
160472
193672
230676
190956
365453
455974
220118
193201
425393
198118
150978
249061
420370
155104
438258
228219
222886
188517
107220
130891
183141
223922
186423
449940
219453
228608
417716
236610
446419
233329
371928
431017
181491
103963
366395
445212
460598
127219
246406
439039
442578
218894
452665
381282
449490
451857
453923
199953
428329
181817
165750
449986
184278
194879
449700
103361
384184
145354
417752
460446
155098
418764
160870
409245
241304
458423
460622
201098
458894
157331
126924
438665
154208
433466
431707
392354
447935
166133
113634
460109
455293
439729
450678
117900
118143
227748
458317
184995
192156
174756
425250
373784
450599
215433
407407
224350
195924
444732
446774
422835
191339
451158
448619
444389
104568
208390
439622
391005
366447
449232
171322
460136
414054
243142
198817
240240
210155
458007
455743
135160
381644
124937
204714
363679
419235
431637
448460
124113
176239
215044
448725
232052
166595
114415
445489
443942
383464
454555
237570
227401
200165
199883
367176
247409
433013
237729
238759
117195
372329
211334
448053
090000201137
119359
383020
439774
418348
204121
458265
419031
102429
450119
439826
434812
217712
235583
222497
454315
205717
238005
445984
203942
438805
129756
455372
107460
138956
250407
418904
125462
444316
459514
457916
199768
190318
382957
237613
251075
158778
198987
458867
442790
457466
204440
247083
449603
211200
182652
459198
242565
180328
242121
162168
218991
457660
442967
199494
381486
125082
163736
112686
192961
455196
156842
169655
198367
149587
250993
455752
161022
246202
444024
452522
208415
176992
395690
455488
237507
195669
172963
417868
376446
431187
179292
113333
188942
459480
167312
458247
457943
177588
115658
419341
183248
179052
450067
447731
418065
437705
433068
231156
162830
451769
203234
11835602
195988
191834
443429
455707
160694
454810
184047
207069
248925
445647
226277
233754
144500
161581
434496
234401
121619
176008
226675
456870
164146
169628
403414
237473
220871
395362
155618
437565
442383
111887
182953
182519
222026
381529
147439
241793
450641
190239
434140
118888
364025
199892
202055
143534
455318
404055
106795
220853
451440
454962
444608
454157
225520
174118
129729
115001
375300
417567
406264
236887
222992
198491
234359
457855
446260
191719
450809
166957
177870
457864
191940
375948
137537
195827
201627
455965
453349
237987
174376
437857
180771
213163
169521
449959
444510
430500
375540
174570
144184
242626
129543
207935
410283
213181
189839
183600
171483
247737
431026
127820
180151
144166
391810
174978
111762
132675
204006
101736
456320
130882
459815
188915
457730
457262
381705
441496
373058
165033
380438
198084
443377
434469
449719
245999
177472
460455
221625
197887
160560
451644
128957
373085
440244
213233
423476
204334
261685
189547
441548
438656
382382
392257
446118
100733
105543
165635
118772
414540
201159
460145
458672
439756
455415
404505
397641
441274
241951
455983
455798
449825
180391
417220
116350
155511
125532
407744
191302
413945
448664
439631
431600
375647
458584
224907
105118
110219
222576
248305
101514
199023
200828
447892
135179
235750
439871
165255
173638
101286
205090
198640
116439
149310
368911
222682
124706
154332
452124
237598
413820
200110
101994
148140
418287
448266
423652
118116
209083
199005
185651
137087
444282
372356
140997
141468
380456
195492
374291
171988
368647
418357
159328
199795
220464
101462
161800
107275
458104
139214
140447
216223
230065
135407
135957
101505
459505
169761
363590
458858
151005
190309
104346
120971
212072
153214
407522
158769
453464
250920
389727
215008
205726
199485
444352
457475
459189
240170
204459
108199
444769
451194
455567
365198
418755
134228
450580
363633
105349
192457
208512
364122
439482
198190
160199
190169
443979
152275
200624
458928
213987
451228
180249
440855
176983
448798
179283
223816
450058
194204
420130
152044
211927
444121
179511
446853
419660
432074
108056
446464
163426
119234
437778
243160
415774
113856
170055
407355
364584
376695
453756
454801
197081
456065
107619
155867
216074
219055
188687
148955
157739
112455
211079
450128
444972
157678
245032
156675
202064
431929
457907
215390
365505
194259
375799
151184
434159
219587
448248
212683
234696
455381
437608
456180
195793
192925
454290
451459
114859
191959
460428
216296
443562
163347
187666
217989
420404
157827
260336
140331
229504
364575
182892
175980
445744
242060
158246
446279
433101
441380
382771
447333
160995
131061
228671
448637
109891
375489
190974
181941
457873
148991
417734
460589
154934
162371
453570
450003
429012
140483
106883
111799
458487
179645
242112
144193
229841
186405
374574
445115
103909
460020
181303
440989
366571
241146
440730
440086
144175
159249
456339
111771
136303
201496
213534
364751
119164
220127
458034
218885
406486
160524
441487
417600
136765
225751
445814
368160
383950
169503
159197
443173
449454
377315
199078
221616
248794
119340
107521
430351
441733
460482
458663
438285
188003
198996
446844
446109
104160
453109
446297
458238
448859
457086
114433
173115
379135
450614
242705
115861
224572
120290
221050
449852
194435
177603
438984
452966
185730
400080
376136
449676
242644
185396
409591
247649
241766
451413
458593
149240
442204
439604
455026
436562
366191
207281
377403
458061
418782
374990
199014
441025
158343
417637
135142
220279
118161
155450
454935
101295
241128
446570
439862
153737
187994
153445
448071
444291
404222
122737
451051
201982
364946
227298
448275
459240
219879
414124
150640
423643
236692
393524
153597
134307
128762
171997
366960
204608
442611
458283
444954
166665
218955
191311
454379
153171
119951
222099
458441
199740
215594
453817
135434
205513
160311
387819
216418
455424
113193
460631
107442
246594
246460
233286
417169
408312
240790
434502
436182
445249
410520
434900
189422
379463
185536
124779
118976
363457
139746
367112
436429
439996
407832
454041
366270
459888
217350
236212
203720
240657
381732
113449
444370
418658
459152
123527
431284
202985
459408
202453
175315
454607
187912
244279
440059
186274
454500
439127
443748
447218
175519
221980
208248
182397
419411
232593
175643
418409
223773
148672
369455
459082
384342
195067
184746
365693
123299
420495
243638
173735
433040
118967
198233
455646
447829
444750
380094
231882
430218
453747
458797
364593
198969
444194
158936
175607
457387
451529
155858
449135
434830
367103
233772
237419
446400
163541
239187
380410
123563
413972
381945
211006
238166
434122
153922
147411
447403
140942
169576
230199
206905
242699
375762
457679
456199
203438
451422
167020
242413
417831
138682
454908
151023
168555
210599
138938
169974
368364
450669
196699
125170
161493
417549
175999
167534
237303
154970
233310
101602
202189
430245
249238
133845
129969
446075
433138
158583
106980
439190
446598
383251
434584
382267
457110
152150
457800
242583
375966
213455
177995
450818
450988
383367
196477
417725
262457
221333
161192
154925
221102
219480
440873
129367
375568
103529
430935
424008
115287
260992
444574
126748
193070
206996
414559
107293
118684
170657
122180
440721
155195
117733
145707
457244
448433
209746
111744
452692
450915
444547
193326
184481
201399
132693
209986
199908
160843
213525
442347
177922
406495
444404
241386
443359
191612
202639
449737
111939
217086
449445
148256
228732
449117
194222
107831
226578
440624
440891
434371
241377
454430
186469
431196
413626
239309
457101
460491
449597
11835604
441584
215974
197531
405076
201177
115931
260363
125471
206172
235671
155201
188438
449843
245290
220640
198534
218195
144157
214379
428426
240514
457077
446534
130217
448196
454768
224961
449205
188100
239877
441441
119465
241410
166276
114716
440970
441052
444626
447874
450739
150428
369400
423412
172325
155441
156134
451149
181190
262660
138840
127778
232867
153472
205692
130606
107585
250832
221388
448080
439507
120087
146603
420501
203599
434821
454740
228680
191764
450401
138655
407513
419439
457420
199175
151096
218043
447865
442620
166294
139278
199324
244437
240596
237978
417248
448646
373678
458432
418010
458122
148098
454342
445009
205522
210270
250902
162557
158334
418427
402800
427973
455345
445230
366535
215026
383899
237242
367316
173911
457846
442037
441229
249140
192475
118912
129923
139092
206093
457493
443368
141802
404374
455503
150251
135337
456825
459897
442310
111054
457651
417202
459417
457332
459143
446093
440776
456852
380474
455239
430360
454634
187903
121008
455725
447625
230597
210474
167631
376677
192688
451088
413778
155423
195058
250498
164535
459435
168032
233091
211909
459523
447148
134112
155283
128179
446835
458070
159692
456126
147396
102030
243197
438036
437750
230162
202888
455655
174765
107637
371052
445957
225423
453774
172495
408437
458371
434308
451556
123581
176549
380401
201478
144573
137856
441919
219143
450146
224156
419262
453482
443951
145521
178828
key
142416
365073
180197
243443
105987
376321
115126
187602
417840
212285
454917
454403
421665
381370
118958
246017
445762
207102
107123
452771
384388
454564
111009
149532
232788
157377
217545
229072
216436
205470
143075
172927
183150
445850
163408
114895
131742
414489
457819
228200
437936
243841
451042
438212
415057
206181
369792
449977
161776
453552
456074
235103
443216
198914
103741
234784
444857
136783
430908
179399
417992
136145
170736
126100
446978
143473
417442
446455
449694
114044
118693
457581
218858
201973
207962
170620
441256
221494
460002
457253
165060
381750
177931
445674
460376
455886
412650
261384
161855
105659
217095
140827
365091
126942
436775
429100
183743
458946
221290
225779
245069
450021
225991
214962
445832
431965
248660
449472
430148
120342
103811
407151
101675
123925
189282
458609
152628
430166
420194
366340
188049
456287
442240
154633
237543
441593
140076
439525
103927
236018
417062
239132
431169
241906
450951
197966
137245
261436
260929
165680
452948
442602
209694
240505
409379
449278
173805
457004
189468
240693
151829
141255
121901
153588
430564
369419
123642
240985
458627
140678
158325
454360
154129
458326
214546
452382
459338
368780
119368
455868
240435
459277
104577
120272
135188
242662
153463
177250
454759
439570
173726
445948
208026
21287804
118356
248192
135771
451431
235307
434380
459958
119331
440402
459985
204626
457712
458131
130174
248314
154545
159027
377193
235334
235495
166647
194453
454351
220491
143303
443696
146816
376242
199722
209074
101897
154767
227146
418913
205531
445221
166887
415987
149019
249566
176390
187161
442921
400187
441210
192484
439400
141811
128151
101301
193186
439978
143482
127565
148380
456719
134422
251260
197337
123509
380368
105428
199476
455248
375373
122694
199333
175573
153311
113227
158644
121017
152220
440077
166975
191597
436030
451097
441858
146418
432269
457536
459550
165194
128188
442815
195289
122205
209038
221096
179238
230205
154110
104911
198251
179724
363147
407285
445683
118921
130916
161545
108667
193991
144616
164313
237437
152497
444176
455044
155830
391333
451547
211802
377449
437103
231004
419271
450155
448965
168573
179344
436553
447467
142407
371034
147165
375744
377634
154262
208637
218672
430096
443517
365240
363563
454926
381361
411055
384397
431309
445771
238810
455062
233338
377281
443571
445577
202657
434432
130448
164678
449092
440323
415039
148007
216427
106999
446224
457396
438674
430227
458052
457828
450845
133854
460206
437927
184135
109730
192800
181792
233666
184506
369783
441317
196565
444556
111920
446428
183132
449913
443207
151537
451714
459213
205841
444796
450854
182999
129349
171012
128300
238786
434690
158352
416458
430795
417275
228282
383525
439084
437732
440819
245430
441690
460543
169220
457572
199926
434672
185332
103501
126687
458308
368771
111726
125091
159522
442329
446589
127787
406273
456418
145831
184816
107327
457952
198941
444422
126207
418320
439899
417673
212708
404912
171128
143181
162706
437529
373605
198011
127158
364812
372772
383297
420459
450623
111434
447883
101648
220394
201432
206880
430175
191199
446154
406051
200341
439154
456278
381635
449807
428222
130907
113980
443021
243081
201681
213473
407434
443827
455187
160481
420981
456454
177676
117803
452957
455628
377458
150075
207740
214661
460400
457013
245421
441070
444866
411374
193052
101143
454616
185174
181640
161208
118286
240620
201539
404921
232195
127884
154794
449904
455877
448406
181880
410034
101240
219125
424424
205054
133863
456384
454722
154378
200305
260354
458098
174428
200244
427335
446057
449311
156790
153782
450438
118347
182148
372000
458414
144777
458140
209205
455211
383279
172671
166328
243106
154572
458380
159018
444644
122746
140243
459383
153524
152309
203739
199731
239008
223852
227155
246813
439312
201821
454306
441201
454388
136747
450386
179715
185509
440305
420255
173939
436100
250072
418083
440882
377670
182209
414063
410070
434751
148399
152415
217891
171465
456728
183105
457633
243151
409166
440217
212425
412003
199421
442657
193858
204307
451343
112385
459161
453932
122685
450872
454652
229957
418889
216630
444945
377342
459134
430421
407470
147970
169992
445364
444228
459541
184968
439659
204015
459532
138691
143279
179229
441016
134714
439792
160579
147378
438638
217794
432524
227225
260664
451574
367459
160001
430582
167905
455673
162779
198774
203331
226408
193788
206321
210456
159513
106148
393861
195784
219037
158787
451893
232414
245953
175494
432144
455530
213491
460570
442134
447324
171395
179308
175810
134121
106449
207166
142878
202222
112172
187620
444486
180902
237817
407735
175722
441681
430342
246035
367875
434566
445780
445540
447704
198260
243601
178606
228088
171261
447254
439367
457837
188137
151661
230144
447528
169187
230010
212391
442000
165149
423980
183123
203225
368407
144485
199856
126164
150048
225371
443234
160126
160320
226374
209940
114947
156426
207786
135276
434061
206969
229832
206446
212407
232946
183655
451389
228291
363916
154819
149550
226019
375984
188225
246415
159531
446321
111896
446491
429128
183035
417646
187000
362782
180054
368540
128896
160816
447634
373340
417886
393649
421540
129932
417822
214944
122977
460190
455558
449418
170514
234650
126410
219426
406422
455017
241614
180276
452212
440642
140012
443322
126784
262509
418773
166407
454971
449782
446145
155052
193283
21287801
21287802
21287803
456269
242723
127617
439145
204945
206783
136826
180470
451538
241100
206419
460525
449074
124681
112190
151245
409874
221014
449524
449250
448123
457323
436526
107992
180212
181251
239220
443836
458715
158307
185466
241720
189404
431099
195702
130509
176716
441663
448789
454421
159319
128726
455840
240745
448415
460640
214838
237561
201034
454731
407489
138664
227854
419244
458089
129613
436784
440332
449320
173708
445142
211398
383084
420556
212212
191287
130396
145239
458405
138761
135294
227386
249609
459976
364885
377661
444893
230959
175591
428143
118189
458399
105154
205559
408862
450632
203678
459374
442073
436304
420440
222707
117238
153083
138594
115454
445346
208318
450395
176178
457606
384333
367398
198729
410973
204158
210951
444307
418278
233648
188021
152424
141680
199634
226903
442781
128036
134875
160366
418056
418506
433970
455266
452540
367662
149727
139621
187958
445373
434520
153339
215965
459286
158662
381325
186335
132268
444237
407461
120661
113397
227766
441876
177056
222673
126915
442879
455460
235501
430670
105206
146366
453507
210711
185970
112783
198075
139904
441894
405872
129808
230223
112826
442435
459028
134495
417789
174738
451565
369109
159823
450173
445656
183114
451361
138372
386153
122782
186052
455956
170541
155566
102313
363013
236744
176354
202268
456861
362700
243072
146506
375726
115393
437653
438179
459116
261861
216083
159984
413185
246974
187639
208655
161484
364317
105747
453631
413343
221430
455284
457998
445799
417503
245281
174604
419633
218487
172291
363165
447209
440253
211750
444592
111638
448895
109350
147031
434274
147749
446552
195845
172015
443225
457068
196389
375319
137759
217615
421708
410964
451778
175935
430971
156921
183488
460172
452036
456001
458876
106838
151652
178563
193061
208053
212090
418870
243498
157438
375708
164058
382902
229355
373447
195933
157304
382054
417257
224891
231688
383507
167376
221397
447157
119137
452151
457280
185873
446312
114372
147129
188216
453455
162982
180045
198154
451608
133942
445629
206224
416971
433174
239169
106494
175829
212276
449171
188696
151014
217572
221485
365374
126951
430157
460367
213057
247153
440651
197522
234119
136011
195623
460677
226806
193478
210483
448220
144218
159258
118718
447908
188678
154952
129002
226833
457350
190530
456250
420343
412599
236638
450881
218867
222822
170611
155159
442745
127228
150303
459578
136491
440262
366401
161688
119553
441760
215992
183938
134574
449533
428055
208123
212753
200633
460181
450702
448336
241739
457518
369446
449083
460215
458618
457031
377272
151874
155487
369686
114460
159638
382276
224615
221643
458043
160597
178466
240736
455859
448424
438337
193380
216579
181312
404426
444714
208017
436225
155715
448202
454704
227924
191728
421513
260372
372028
238722
457721
216162
444936
374875
243203
105145
458168
418603
119438
114628
430254
121868
445018
142869
172617
428170
112288
156851
162335
200314
397942
205142
243577
458186
135267
141990
459365
447713
212267
128337
444334
221607
436641
108649
377652
118259
454412
201803
247010
199625
456214
212355
457615
405012
450562
449162
236531
418269
456117
376385
187976
221184
444015
190521
456746
151078
121044
107789
431770
190707
458900
162609
418515
453473
125019
113236
427982
455275
223427
190628
212300
147916
448150
455071
208406
454078
444200
388043
407452
211635
244613
376631
208275
172422
436003
125499
199713
442684
121877
457509
455479
444662
105215
205568
210234
418250
164599
175157
459037
419484
178022
449241
224828
174321
456922
367051
115296
156338
455202
371760
445911
190673
125301
407708
175120
179113
443650
440138
122791
207236
450182
423582
419022
157669
122889
236753
449302
421841
428125
380359
202204
229328
381334
232618
451103
419156
127839
437662
455105
420538
451325
200192
113908
364636
364326
226772
143613
452823
183327
229036
156967
375753
160117
185767
146205
373526
437060
243665
232502
175236
223898
446349
447014
384360
439303
147004
380067
383190
155186
148937
242820
446543
436650
443252
179539
453516
187532
154998
421717
456038
237127
151485
430306
454883
129640
417406
233949
156444
230214
106829
456940
193016
245625
234687
442736
238175
177807
375735
129482
210605
382911
182500
445638
123208
198206
446303
231697
216986
118198
242750
135522
450960
447449
262235
445993
447166
147642
434317
177977
406060
381796
369862
447999
123800
193122
205966
439118
451617
228185
444459
108852
417381
417132
431141
417318
446783
166319
174473
215336
446163
383400
460358
193609
441797
456515
117724
401339
204963
217581
230092
144209
136251
170240
118709
188669
219888
382461
457341
158945
248165
107974
135647
455114
455910
451909
151467
447494
460516
205610
194967
192536
150996
442213
261773
218681
432302
445090
374112
213330
409333
452188
379621
215983
154697
448035
457882
239248
171225
441089
125028
455035
383312
443553
192022
166850
239488
442514
453297
459392
173063
441645
154165
190840
449436
420398
443100
455822
449728
197814
436067
100636
201016
372037
178262
448211
430917
186645
189714
454713
199689
404480
114761
213914
459912
382896
209250
449223
371265
438887
379029
457758
230861
158219
454528
166601
105136
457192
404806
378105
458177
129695
178183
417266
418001
260965
219408
201584
165556
369853
376288
106315
407595
409120
448114
156231
177287
196857
377643
454032
173470
241225
391759
444325
369950
448105
191393
211246
408066
439932
452230
439686
160047
235237
215585
139357
414036
445753
130040
198871
214290
404718
409193
168892
204778
456755
449515
451291
418038
446127
410539
448983
418524
130004
105668
122658
238014
440235
422020
218706
138488
454069
124557
224110
442851
260381
441195
444219
158440
184959
212869
110194
449463
146348
146700
458201
132806
418454
456588
439844
227182
139995
459000
174190
419280
420468
163657
168607
456931
102067
371779
239318
216773
198622
186034
106324
136109
451583
222105
457785
440129
375841
198455
443678
438647
233116
447591
450191
135735
237109
446996
204422
460330
188890
203997
210359
242422
202435
384209
423397
364335
453613
260691
365204
192828
445203
450997
419147
190114
421896
407054
220756
384193
216649
444680
200129
364627
141015
246266
213932
216454
208479
171234
371964
368188
367130
455354
444042
458706
452984
449506
375939
457624
169734
445531
106546
447227
197294
416670
234225
243346
459170
157854
243832
440907
163815
430883
115515
455716
375416
447388
138822
123217
439747
447795
381255
456029
223658
447023
443483
130837
156107
204316
217828
243799
454874
248527
452054
142443
447315
242635
183099
434414
175041
240718
136738
157456
456506
207087
417239
122320
387660
441414
454281
385008
242945
455831
107363
133960
403399
457970
213589
447175
155210
434326
227191
203164
445452
190008
161651
454892
180063
208859
444468
193265
451626
229799
143552
110875
455080
454980
240879
451477
233480
131830
215886
180081
417123
228158
460437
224183
446190
188650
367097
189219
446206
201487
430403
454485
155177
160913
140085
368629
209676
457378
421586
382780
455901
206932
121992
398574
447980
137892
460507
189653
242653
234739
177135
150987
448594
112367
214111
145099
179991
223083
244561
180957
458849
240666
227979
450757
427894
385132
413176
200846
153977
382258
242556
458742
127200
155353
241395
231642
378886
369668
444635
172583
458292
441636
438735
230746
406413
445355
451802
214023
226204
181330
449214
157395
406149
170587
172307
404499
243221
376039
172635
153746
440271
220570
248703
459903
404684
106041
218025
457749
242042
431266
420200
449357
198905
441742
262341
105127
446251
460659
149365
451237
442444
122339
404365
181756
151087
153630
204592
245980
448354
219994
451273
140599
458344
449667
155593
451112
410256
106360
454476
236656
220400
111708
135717
224013
153296
173461
372462
223667
392415
407726
118277
261393
456764
165112
458520
205647
439695
158538
138132
163107
198844
178484
457527
151041
104504
215646
199087
442958
446136
235088
452258
200208
431275
447962
418029
139384
455053
184205
454698
404037
173993
199467
448770
441335
410788
185721
138497
414911
451024
455585
419712
448008
242680
141796
457554
409670
211617
211343
459347
250744
163028
418339
192509
141158
457563
199263
418445
367981
456135
412173
121859
459019
383996
437769
419314
190619
371982
108065
458830
127316
216746
458690
237172
232450
417655
443669
440110
104434
410496
161138
204431
459125
459055
236993
175786
202912
113218
222691
123350
437884
198330
381404
147244
364618
211316
169947
236975
246071
421559
371690
160135
104391
220057
451246
171100
369516
433563
404383
190293
218690
219189
107743
410797
454573
237552
202356
372921
137120
427308
243133
365107
419332
458195
437501
136659
455497
248846
156860
442046
439738
141006
364760
170046
444583
448655
143491
211820
421771
132374
443270
213774
392798
104984
172954
454865
444529
217837
234924
220978
445610
107488
457989
174279
156754
172802
439455
148821
375717
157766
188261
420431
450553
441405
185624
440800
382063
443739
385549
182908
154341
407090
451635
457961
450720
447102
117715
452106
365569
454777
126401
221236
457299
144865
184092
417682
194611
137023
213622
375407
226930
121363
143543
154907
160533
364566
399212
114831
441788
229416
166063
431123
452203
450696
170790
449746
366261
233657
136075
157359
184320
107318
111461
418205
239910
204981
421878
153764
455938
456311
447582
148292
457369
209667
11835608
201672
412544
132666
221582
212294
210100
212337
145406
207704
171775
460534
218830
407683
443298
117052
213312
458353
214476
431877
218113
431691
428295
437635
375656
449791
126854
117690
459833
430050
383330
456597
453075
400637
447722
172574
456357
117645
364964
441627
229540
240709
170550
161059
213002
204769
449180
109934
451811
407601
449366
239372
456560
183877
208044
242671
444909
436270
233082
110334
158237
447971
460668
457776
459930
444361
235431
452063
104425
460394
209719
457174
366289
11835606
205179
100760
457217
181747
219903
101471
458681
444565
120078
224271
446385
215479
212993
408163
151607
454467
227322
171535
389860
235954
141963
150710
391546
212328
442985
365055
182704
418384
240055
440378
421610
377111
456773
206428
226107
246354
439668
434016
128258
455008
248606
117955
117274
11835609
203030
454263
364973
191083
417150
135124
101569
368036
140304
160649
404514
134529
460561
203748
187505
110246
222062
134291
221908
448017
454519
204024
441344
153533
201928
445337
451033
377759
459426
448381
113111
219824
241836
407425
454397
451501
453792
454193
128674
417628
408394
387235
445328
418302
166009
190442
198039
413802
418162
449861
236382
451918
176798
402563
108977
161527
221634
459064
237491
460057
223463
458821
123484
440101
367088
186016
441751
147819
422190
156648
157508
106111
190071
121433
195191
175652
218353
377722
418542
247940
236708
365824
218335
447263
105482
112376
123341
243586
198321
234191
453677
153092
432117
110501
458724
125222
459462
120023
156277
443261
234845
451255
106607
160384
444343
213552
451167
144944
240198
158884
204741
219170
456913
237321
157614
210748
411684
123493
137713
108807
162122
437237
262402
231536
173203
433165
407142
373711
122366
234933
444264
452072
202161
447777
153074
436012
183202
455512
114938
164100
207537
159601
449126
156471
457642
115357
192998
420723
243212
447379
242617
226860
445601
455390
229319
165981
199980
446358
439589
430999
169284
143376
220321
441432
209348
242981
230135
224679
139700
452115
417327
364016
451486
212230
405021
438197
167543
106908
151050
115533
458645
365480
446516
111513
207625
447519
191986
212045
178439
444440
229407
145309
113096
443711
449755
450775
417105
450605
215381
118994
216825
442231
381699
454546
406325
136048
406556
445559
140003
109332
455929
119067
225070
419095
453303
418533
247834
437556
221591
215530
457314
207449
151564
417211
224642
449995
218821
460127
443289
220996
234711
123396
103954
206482
428392
366632
261719
456904
161767
460093
154776
117681
382504
114062
425889
441618
372718
452841
223472
451495
448974
141608
184427
109040
442523
181419
456366
214041
449199
199458
198978
107211
443137
226116
103732
451866
154943
460419
445197
181136
423120
173416
220792
449375
240116
379746
448716
159407
455220
442426
126119
227687
247603
436465
200387
459921
457767
447847
233903
368832
413680
154059
235158
158088
452504
460385
198923
201283
104294
150695
166498
117867
455734
177302
120069
184791
154642
200262
448372
221829
454458
440952
121886
454324
109208
214315
174020
241517
200590
439473
440369
436599
459967
193760
236072
119508
123679
418223
417983
138901
456782
157553
439905
175698
428000
147800
220251
174534
161280
457688
454218
154466
154396
371140
367431
143215
190053
205391
427025
193946
101958
417178
104708
158431
219921
441353
108348
376668
448026
447810
190585
451006
442888
446288
372082
187198
457545
179919
436289
443492
167039
124344
451282
445382
408385
153542
459329
457411
190451
167525
460011
414869
210784
240754
139010
231873
459073
204255
119845
418171
246895
441830
458812
431105
440174
226134
154457
455327
176734
418481
146685
167738
403487
407568
142054
445896
156949
443605
158723
459499
439491
457439
195322
262369
199449
375692
365833
173744
146791
455363
232575
192970
442462
453640
222567
363882
452373
459471
139506
455141
128540
406200
219596
444079
366465
444802
243115
451264
194240
233019
154800
223524
240125
112561
447245
450012
198552
455895
211149
456968
203289
233639
417187
232724
181145
202152
438294
205887
229090
413635
454847
11835605
373119
11835607
122375
11835603
146807
177436
164845
207290
428073
107655
407391
239965
417910
458362
130129
207050
178208
216782
365763
441502
156392
222053
164775
447342
109721
447120
231411
441423
434283
446437
178527
136400
365383
456144
451653
369020
248776
194028
376330
144795
363907
237844
119456
238397
171155
417947
170444
221281
186593
457891
217323
178110
446507
106351
238421
213659
178448
444653
183725
445504
127909
261375
451316
418296
217077
159443
459356
172556
450836
149499
249247
377218
456205
184180
439437
144564
151032
457305
242884
121637
207272
375683
449968
145424
191384
228547
449612
