392309
406592
378707
397632
366784
201007
189291
135920
461643
231402
407230
474951
439011
202019
442259
106078
378798
378141
460783
195076
131964
450164
467793
470162
138336
397702
120430
102119
115922
405137
404842
466170
191825
112589
438762
394916
430573
108603
443775
133599
440192
221786
187879
112109
378938
137306
126085
131946
418551
437352
420529
397553
432171
247764
169497
158264
462178
438081
431655
420389
404329
437282
115074
428408
393117
260187
109110
393685
462196
190433
192855
137421
415297
440572
180498
110459
439206
460941
244464
224208
125587
438948
155326
174561
404888
183169
140438
462080
431132
461120
366906
462363
217068
121141
109095
443793
465812
440387
125037
412155
262192
232469
419448
363411
436234
437185
152734
431114
374370
411921
212452
398477
425302
111489
414920
366757
441946
383738
405623
460729
387785
444006
475228
437510
133775
412137
409917
475033
462354
367787
462211
122861
380076
133067
474960
437130
203818
215196
115029
391962
369215
462132
420361
236090
145026
437097
411596
110264
440518
123314
407009
386171
137388
122144
406626
169594
438407
410317
427946
174631
406617
125815
193539
169600
423494
468015
448293
424266
448318
243762
115241
447139
443960
409689
132161
446969
437264
247612
420510
470904
234793
416892
220914
475042
420680
141723
194727
162885
411709
172121
394208
169938
189884
382027
194286
470898
461005
425296
474890
434663
470092
434706
216384
192466
119049
102906
151148
437866
434928
425269
404143
139843
152345
436456
438911
364131
407911
407887
102359
213048
378770
420033
151120
442301
466514
412580
165769
461485
460738
443988
436474
382595
445966
191861
419554
211662
436447
440493
402493
112163
197948
413006
440660
468024
382364
461281
441061
470889
212841
435338
214120
364089
167853
197638
462220
369826
147882
216348
372763
431822
116943
440581
436845
212124
144768
444820
231396
204219
394642
422774
112093
189316
127796
439242
412401
381389
437343
138725
205221
462169
125824
233259
437291
140100
384218
404860
116402
170286
173267
439215
388140
461759
246558
135230
381167
175917
191524
386214
442198
123271
393108
180717
161147
193007
462099
150376
164368
126526
205319
110440
438799
217697
229762
195562
172468
111647
466930
197683
169549
180133
461528
221193
365310
461032
439109
422002
405757
373872
119076
432205
378354
164401
413723
460899
446695
228990
203076
134477
236106
237190
161448
437404
420963
383729
261065
382531
238883
119711
391652
461148
442772
124627
405775
439172
168944
231192
439075
474979
431901
110936
409847
157544
461139
112233
448886
239822
138877
147518
220561
384263
407258
109916
193742
462123
122250
438744
442754
440509
234960
233727
115843
426794
153898
121600
143163
390279
420282
116970
374033
437398
365709
247250
412997
428107
238573
454166
188456
439251
126571
405128
448743
400789
172778
437370
443386
414391
390002
393816
369288
409342
119881
191366
175555
466189
116110
462390
387828
399586
199759
247445
116156
434654
439224
188933
247296
374413
377616
143941
369756
366702
117308
156055
470852
174464
233462
260196
434788
440712
475273
461795
380395
102322
110981
260169
245245
110477
418490
153931
411675
443757
194295
391397
461069
116022
432375
442277
119128
381653
245412
232362
470269
374705
127042
157687
177393
462105
145840
170569
219073
382072
367556
131380
195818
432180
218168
232140
369525
235185
462239
462406
133623
474906
160764
416139
442116
406608
436386
424929
100885
100928
105941
193025
437334
368276
413875
462150
262013
438717
437389
460871
365578
175847
448682
193034
420671
114239
387679
433129
430333
422622
439181
221245
118569
161174
179937
405784
124733
194152
467058
218131
134361
118310
451723
142957
135601
107035
422640
111179
228811
182810
158103
466921
383534
126368
412021
193876
191658
247056
461023
475237
415330
116262
107336
438443
197188
138062
434885
164137
139825
138530
433147
438939
117061
431743
126128
405793
400257
436298
136446
173133
103440
161837
475185
219134
475200
262110
124885
462372
368081
115940
466152
396985
203836
110927
363378
474863
377494
123688
462044
221704
102100
117548
470861
122533
462114
424664
381440
230843
438595
122126
168175
475291
420291
420413
149578
215406
194709
368869
155308
140571
260804
438391
394262
240347
382966
239752
390358
416546
UNITID (IPEDS)
437361
475121
390011
377519
243805
414009
111814
430865
462187
237288
438090
169488
442268
433305
111036
238856
165848
164526
434724
127103
109642
212461
134699
387837
107372
260211
433280
409795
437307
447643
404851
150969
201849
145901
125985
220224
176150
125602
176284
420547
391494
466161
176804
172750
125347
239406
102331
150367
145761
461050
442125
412766
383561
189246
120810
131788
197319
446826
262165
146384
225742
134459
470870
382869
234058
236300
424318
121123
168272
409236
413431
392886
438027
377430
404879
379056
411888
438072
368823
126881
462202
122995
395061
185147
197595
143242
262095
425533
150561
120652
421975
420574
105950
407665
408118
117937
442107
178688
375294
143367
373030
397003
462141
363369
123712
366182
155946
196608
212027
420787
125806
174622
440527
439321
154509
217970
468006
177463
120157
115047
138071
396435
201830
209472
115250
433156
439260
141866
414133
191782
423713
438771
441159
420972
203951
453543
399498
434803
212638
131724
189802
439233
461236
154439
122223
197498
378248
406282
231703
260141
262305
406431
433554
415321
231110
419536
474702
120874
136455
144838
382522
