392309
406592
378707
397632
366784
201007
189291
176150
135920
231402
407230
197498
439011
202019
442259
106078
378798
378141
110051
387785
195076
131964
450164
369215
411596
138336
397702
412766
126571
120430
102119
405137
404842
191825
112589
438762
397003
394916
430573
108603
133599
440192
221786
187879
112109
181011
194107
411709
128586
131946
418551
437352
420529
397553
432171
247764
443386
169497
158264
153898
184153
438081
431655
420389
404329
437282
115074
220589
380076
428408
394642
260187
109110
393685
218168
190433
192855
137421
217970
402633
390002
180498
201946
439206
193034
244464
224208
125587
437130
438948
155326
174561
111179
183169
140438
431132
151193
366906
443775
217068
121141
109095
440387
112312
262192
232469
436021
450687
363411
437185
120944
152734
431114
374370
411921
212452
398477
425302
228477
176460
414920
175917
441946
383738
405623
363369
430102
444006
437510
133775
412137
393108
409917
115922
367787
122861
247922
414850
133067
110459
151209
203818
215196
115029
391962
177463
420361
145026
260196
176804
110264
440518
123314
407009
415297
137388
122144
406626
169594
438407
410317
431594
427946
174631
406617
125815
193539
169600
423494
448293
424266
448318
243762
386171
115241
447139
443960
409689
132161
446969
437264
247612
420510
234793
416892
419572
220914
475042
420680
141723
194727
162885
116624
172121
394208
169938
189884
382027
122287
194286
425296
434928
161882
434663
367893
434706
216384
192466
119049
102906
151148
451185
418463
425269
404143
139843
152345
436456
438911
364131
407911
407887
102359
213048
378770
262138
420033
151120
412580
151157
165769
164526
436474
382595
445966
191861
442833
419554
211662
436447
440493
402493
112163
197948
413006
440660
382364
441061
212841
435338
214120
364089
167853
197638
231110
369826
147882
372763
431822
116943
436845
212124
144768
444820
231396
204219
433217
422774
442198
189316
127796
439242
412401
381389
436234
138725
205221
395061
125824
233259
437291
140100
384218
404860
170286
440004
173267
439215
388140
246558
135230
423670
381167
378938
191524
379782
123271
137306
180717
161147
193007
386214
150376
126526
205319
130785
458575
438799
217697
229762
195562
172468
111647
197683
169549
180133
115843
221193
365310
417345
439109
422002
405757
373872
119076
432205
378354
164401
413723
446695
228990
203076
134477
236106
237190
161448
437404
420963
383729
261065
382531
238883
119711
391652
124627
405775
439172
168944
164571
231192
439075
127103
126085
431901
151236
409847
441399
390358
112233
448886
239822
138877
203836
147518
220561
384263
116022
109916
193742
122250
438744
442754
440509
234960
233727
442772
426794
122223
121600
150367
390279
179742
116970
374033
437398
365709
247250
412997
428107
443872
116402
454166
188456
439251
238263
405128
448743
400789
172778
437370
237905
414391
210508
393816
369288
409342
119881
191366
175555
116110
387828
399586
199759
431248
247445
116156
434654
439224
188933
247296
374413
377616
143941
369756
117308
156055
396985
174464
233462
434788
438966
458548
440712
380395
102322
110981
260169
245245
110477
418490
153931
411675
443757
391397
127954
407258
432375
442277
119128
381653
245412
232362
470269
127042
157687
177393
145840
219073
382072
367556
131380
195818
432180
232140
369525
235185
133623
160764
416139
442116
406608
437866
436386
424929
100885
100928
105941
193025
437334
368276
413875
262013
438717
437389
365578
175847
448682
202648
420671
114239
387679
433129
430333
422622
439181
221245
118569
161174
179937
405784
124733
194152
444848
446826
377494
218131
134361
118310
451723
142957
135601
107035
422640
404888
228811
182810
158103
443793
383534
126368
412021
193876
191658
218317
247056
442301
415330
116262
107336
438443
197188
138062
434885
164137
139825
138530
433147
438939
117061
431743
126128
405793
400257
436298
136446
173133
103440
404949
219134
110440
262110
124885
368081
115940
443030
412155
110927
363378
374705
123688
170569
221704
102100
177153
117548
122533
424664
381440
230843
438595
122126
168175
420291
420413
149578
215406
194709
368869
155308
140571
260804
157234
438391
394262
240347
110936
216180
382966
239752
416546
UNITID (IPEDS)
161837
447397
390011
377519
243805
414009
111814
430865
130271
157544
438090
169488
442541
433305
111036
238856
165848
434724
109642
212461
134699
387837
107372
260211
433280
409795
437307
447643
404851
150969
201849
145901
125985
220224
379889
125602
176284
420547
391494
172750
125347
239406
102331
393117
145761
461050
442125
419448
454625
383561
189246
120810
131788
445054
197319
457095
381741
236090
194295
225742
134459
382869
234058
236300
424318
121123
168272
409236
413431
392886
438027
377430
404879
456171
379056
411888
438072
368823
126881
112093
122995
109013
185147
197595
237288
143242
262095
425533
195137
150561
120652
421975
420574
105950
407665
408118
117937
442107
178688
375294
143367
373030
203049
123712
366182
155946
196608
212027
420787
125806
174622
440527
439321
154509
143163
111489
120157
115047
396435
201830
209472
115250
433156
439260
141866
443915
414133
191782
423713
438771
420282
404657
203951
453543
399498
434803
212638
131724
189802
439233
154439
378248
406282
442268
248943
231703
451787
260141
262305
406431
433554
455594
415321
138071
120874
136455
144838
382522
