238573
475228
461005
461847
474890
461795
462114
470092
461643
474951
440572
476319
476601
475291
477039
466189
460783
467793
470162
467058
475185
466170
437361
164368
470898
476975
462105
462187
480134
475741
461485
470861
443988
480204
479594
461023
475273
477996
479619
468024
479576
460899
470889
475370
461069
477011
462178
475699
475033
216348
479585
462196
460941
479567
unitid
480143
460738
475617
466152
476717
475510
480116
462239
262165
462406
479655
474906
462080
480198
461120
462363
461759
466514
470904
366702
461281
465812
125037
461883
462202
462150
437343
478005
462099
479770
460871
479646
480064
480569
366757
479628
480082
461139
436377
461528
478014
462141
461032
462169
475787
466161
462354
479956
480073
470852
476072
462211
443599
468006
475608
474960
419536
475866
466921
480091
479637
462390
475884
462132
437097
475237
477950
461148
146384
475732
466930
474979
441159
468015
480499
461236
420972
479600
440581
475875
462123
470870
480444
475200
476382
460729
462372
462220
475121
462044
474702
475495
476692
480301
475635
477020
474863
