147031
214661
204024
461847
214041
220792
213987
455585
218335
178208
479956
439154
202912
476319
476601
230597
229407
477039
373085
169628
456782
458432
174127
240435
108056
434414
135188
220996
480444
190114
439020
409379
451769
118888
476975
128300
151485
480134
475741
175980
198950
193016
188517
239169
480204
161280
479594
153977
221014
480073
151962
477996
476072
200244
164146
479619
457299
189565
209445
475608
475370
195827
442578
182519
443599
477011
226833
229090
140483
438179
203997
178439
417318
127565
147129
157359
479585
100733
204316
137315
199175
448336
436702
375489
unitid
204006
198978
454218
234845
149587
420802
476717
183327
475510
475699
451556
479567
220871
175999
230959
479655
143853
480198
203960
190035
226806
436429
245953
118693
407285
457688
193061
198969
461883
220808
475617
135160
479770
204015
157377
141963
480064
147244
480569
155511
479628
110501
147165
191597
139621
478014
160533
475884
239318
475787
159638
479646
458742
383020
479576
193052
404480
144777
417752
174279
130448
223083
181330
446978
480116
475866
155520
228732
456454
480091
479637
247649
480143
478005
149240
220978
239309
477950
138901
140997
475495
475732
247083
192925
231156
447360
443711
480082
166850
103529
174020
480499
205610
140447
479600
171100
135717
475875
169220
101675
213996
476382
423643
124557
193070
436377
260381
205647
440138
205179
166665
181747
199458
476692
171128
480301
475635
477020
192457
