101125
101231
101277
101444
101657
101903
102216
103440
104522
105242
105385
105419
105880
106050
106759
107257
107804
107840
108393
109095
109749
110176
110787
110936
112181
112516
112640
113166
113519
113591
113713
113865
113953
114886
114901
115047
115278
115384
115560
115940
116660
117797
118374
118383
118392
118417
118426
118435
118444
118453
118480
119085
119119
119128
119155
119711
120041
120333
120892
121114
121576
122250
122269
122676
122995
123907
124399
124432
124511
124919
125310
125505
125815
126535
128203
129136
129446
129880
130156
130165
130332
130457
130703
131380
131511
131566
131788
133517
133739
135221
136020
136154
136552
137467
137625
138877
139126
139515
139898
140191
140809
141121
141228
141583
141671
141787
141857
142124
142966
143321
143507
143880
143969
144856
144917
145390
146214
146968
147350
147509
147518
147758
148432
148919
148973
149286
150127
150525
152114
152187
152284
153038
153205
153676
154299
154411
154484
154509
155265
155478
155609
155946
156611
156930
157094
157146
157173
157641
158079
158282
159452
159498
159799
159805
160144
160250
160348
160436
160454
160603
161624
161837
162025
162618
162672
162885
164137
164191
164368
166610
166814
169813
169956
170259
170286
170338
170693
170824
172060
172121
172398
172769
172778
173018
174002
174163
174446
174561
174668
175148
175175
175476
175713
175917
176415
176497
177074
178031
178040
178314
178332
178998
179025
180090
180124
180142
180850
181163
181181
181206
181473
181482
182485
182810
182944
183707
183831
183901
184010
184038
184445
184922
184986
185235
185244
186025
186797
186830
186849
187268
187514
187587
187675
187754
188289
188836
188924
189787
189802
189927
190187
190381
190752
191153
191658
191870
192147
192855
193043
193496
193566
193812
194383
194709
194727
195614
195818
196459
196644
196662
197212
197920
198589
198631
199050
199351
199360
199759
199935
200411
200509
200721
200794
201070
201229
201779
201991
202019
203605
203711
203818
203854
204167
205197
205276
205319
206057
206756
207634
207838
208187
209393
210410
210562
210924
211112
211185
211495
211875
212124
212364
212638
212726
212744
214005
214227
214263
214908
215488
215567
215789
215868
215895
216108
216348
216551
216940
217439
217651
217916
219134
219329
220747
220880
220914
221175
221306
222141
223074
223357
223870
223913
224208
224536
225140
225469
225715
225760
225867
226709
226790
227012
227988
229258
229656
229984
230074
230180
231192
231350
231402
231572
231703
232292
232353
233189
233259
233392
233462
234313
234526
234960
235273
236090
236267
236300
236461
237224
237534
237659
237808
237835
238087
238315
238564
238573
238652
238883
238971
239530
239655
239673
239725
239752
239798
241702
242741
243382
243762
243805
243902
244464
246026
246600
247232
247764
247870
248031
248970
249779
260196
260284
260585
260804
261816
262165
262217
262305
262466
363217
363527
363606
364308
364609
365000
365310
365329
365392
365912
365930
366456
366784
366906
367389
367608
367723
367990
368151
368850
368993
369622
371186
371274
372143
372161
372347
372480
372833
373030
373757
373906
374343
374495
374680
374699
375294
375902
376109
376118
376127
376349
376710
376871
376950
376996
377236
377306
377430
377519
379074
379685
380137
381237
381343
381422
381431
381866
382018
382027
382106
382249
382300
382416
382531
382595
382708
382975
383376
383419
383516
383570
383598
383613
383677
383880
384290
385026
385929
386214
386357
387730
387800
388089
388098
388681
390394
391616
394660
394679
394846
395070
395195
395733
396000
396310
397553
402864
402882
402989
403405
404295
404532
404675
404930
405173
405562
405845
406246
407106
407382
407665
408853
409281
409324
409528
411806
411851
412720
412854
413459
413501
413565
415048
415376
415561
416999
417114
417451
417497
417743
417798
417974
418074
418311
418418
418676
418737
418791
418898
418977
419101
419305
419350
419378
419448
419688
420361
420510
420583
420796
421601
421647
421805
421920
421939
422039
422154
422297
422756
423245
423324
423494
423865
425126
425296
425685
425782
427326
428037
428091
428107
429003
429076
429216
430616
430643
430777
430962
431044
431178
431567
431655
431664
431673
431743
431804
431859
432083
432278
432296
432311
432320
433059
433129
433156
433192
433855
434098
434113
434292
434353
434478
434928
435204
435338
436076
436155
436377
436474
436517
436605
436748
436757
436793
436809
437088
437097
437112
437167
437255
437510
437538
437574
437875
437945
437981
438081
438188
438276
438513
438850
438911
439002
439516
439534
439543
439561
439598
439941
439987
440022
440068
440156
440350
440387
440615
440837
440864
441061
441122
441159
441247
441292
441450
441557
441654
441715
441724
441821
441867
442028
442055
442417
442471
442480
442666
442903
442912
442994
443012
443085
443094
443155
443164
443182
443243
443304
443313
443401
443580
443599
443614
443720
443863
444112
444185
444246
444495
444501
444538
444617
444741
444787
444811
444839
444875
444884
444918
444981
445179
445443
445513
445568
445586
445595
446020
446066
446172
446367
446622
447926
448099
448132
448178
449409
449588
449649
450164
450748
451176
452249
452586
453695
455123
455132
455451
460729
460738
460747
460756
460765
460808
460862
460899
460914
460932
460941
460950
460969
460987
460996
461023
461032
461111
461120
461139
461157
461166
461175
461184
461193
461209
461218
461227
461236
461245
461254
461263
461272
461281
461290
461306
461315
461324
461333
461342
461351
461360
461379
461388
461397
461403
461412
461421
461430
461449
461467
461476
461485
461494
461500
461519
461528
461537
461546
461555
461564
461573
461582
461591
461607
461616
461634
461643
461652
461661
461670
461689
461698
461704
461713
461722
461731
461740
461759
461768
461777
461786
461795
461801
461810
461829
461838
461847
461856
461865
461874
461883
461892
461908
461917
461926
461935
461944
461953
461962
461971
461980
461999
462008
462017
462026
462035
462044
462053
462062
462071
462293
462318
462336
462345
462354
465812
468705
474863
474872
474881
474890
474915
474924
475015
475033
475185
475389
475404
475413
475431
475468
475495
475510
475538
475556
475574
475653
475680
475705
475714
475839
476470
476498
476504
476513
476522
476531
476540
476568
476577
476586
476595
476601
476610
476629
476638
476647
476656
476674
476683
476692
476708
476717
476726
476735
476744
476753
476771
476780
476799
476805
476814
476823
476832
476841
476850
476869
476878
476887
476896
476902
476911
476939
476948
476957
476966
476975
476984
476993
477002
479965
479974
479983
479992
480019
480028
480037
480499
480514
