100636
100760
101028
101125
101143
101161
101231
101240
101277
101286
101295
101301
101444
101462
101471
101499
101505
101514
101602
101648
101657
101736
101897
101903
101949
101958
101994
102030
102067
102076
102216
102313
102429
102711
103361
103440
103501
103811
103954
103963
104160
104294
104346
104391
104425
104504
104522
104568
104577
104708
104911
104984
105118
105127
105136
105145
105154
105206
105215
105242
105349
105385
105419
105428
105482
105525
105659
105668
105677
105701
105747
105792
105880
105987
106041
106050
106148
106281
106315
106324
106351
106360
106449
106494
106546
106607
106625
106759
106795
106829
106838
106883
106892
106908
106980
106999
107099
107123
107211
107220
107257
107275
107293
107318
107327
107363
107442
107460
107488
107521
107549
107585
107619
107637
107655
107664
107725
107743
107789
107804
107831
107840
107974
107992
108065
108199
108348
108393
108649
108667
108807
108977
109040
109095
109208
109332
109350
109721
109730
109749
109819
109891
109907
109934
110051
110176
110194
110219
110246
110334
110787
110875
110936
111009
111054
111434
111461
111513
111638
111708
111717
111744
111887
111896
111920
111939
112172
112181
112190
112288
112367
112385
112455
112516
112561
112640
112686
112783
112826
113096
113111
113166
113193
113218
113236
113333
113397
113449
113519
113573
113591
113634
113713
113856
113865
113908
113953
113980
114044
114071
114080
114123
114266
114372
114433
114460
114628
114716
114761
114789
114859
114886
114895
114901
114938
114947
115001
115010
115047
115126
115278
115287
115296
115357
115384
115393
115560
115658
115861
115931
115940
116350
116439
116563
116660
117052
117195
117238
117247
117274
117645
117690
117706
117715
117724
117733
117788
117797
117803
117867
117894
117955
118116
118125
118143
118161
118189
118198
118259
118277
118286
118347
118356
118374
118383
118392
118417
118426
118435
118444
118453
118480
118684
118709
118718
118772
118912
118921
118930
118958
118967
118976
118994
119067
119085
119119
119128
119137
119155
119164
119216
119234
119331
119340
119359
119368
119438
119456
119465
119508
119553
119711
119845
119951
120041
120069
120078
120087
120272
120290
120333
120342
120421
120661
120892
120944
120953
120971
121017
121044
121114
121363
121433
121576
121619
121637
121707
121859
121868
121886
121901
121992
122180
122205
122250
122269
122287
122339
122366
122375
122384
122658
122676
122685
122746
122791
122889
122977
122995
123013
123208
123217
123299
123341
123350
123396
123484
123493
123509
123527
123563
123581
123642
123679
123800
123907
124113
124344
124399
124432
124511
124681
124706
124779
124919
124937
125028
125082
125091
125170
125301
125310
125462
125471
125499
125505
125532
125815
126119
126164
126207
126289
126359
126401
126410
126535
126605
126687
126748
126784
126863
126915
126942
126951
127158
127200
127219
127228
127316
127389
127617
127732
127778
127787
127820
127839
127884
127909
127954
128036
128151
128179
128188
128203
128258
128540
128577
128586
128674
128726
128762
128896
128957
129002
129136
129181
129349
129367
129446
129482
129543
129613
129640
129695
129729
129756
129808
129880
129923
129932
129969
130004
130040
130129
130156
130165
130174
130217
130271
130332
130396
130457
130509
130606
130703
130785
130837
130873
130891
130907
130916
131061
131380
131511
131566
131742
131788
131830
132268
132374
132666
132675
132693
132806
132976
133155
133517
133739
133845
133854
133863
133942
133960
134024
134112
134121
134228
134291
134307
134422
134495
134529
134574
134714
134875
135124
135142
135179
135221
135267
135276
135294
135337
135407
135416
135434
135522
135647
135735
136020
136048
136075
136109
136145
136154
136251
136303
136400
136491
136552
136659
136738
136747
136765
136783
136826
137023
137087
137120
137245
137467
137537
137591
137625
137713
137759
137856
137865
137892
138132
138284
138372
138479
138488
138497
138655
138682
138691
138761
138822
138840
138877
138938
138956
139010
139092
139126
139214
139278
139357
139384
139506
139515
139700
139746
139898
139904
139986
139995
140003
140012
140085
140191
140243
140304
140331
140599
140678
140809
140827
140942
141006
141015
141121
141158
141228
141255
141307
141583
141608
141671
141680
141787
141796
141802
141811
141848
141857
141945
141990
142054
142124
142179
142407
142416
142443
142489
142559
142869
142878
142966
143075
143215
143279
143303
143321
143376
143464
143473
143482
143491
143507
143516
143534
143552
143613
143695
143880
143969
144157
144166
144175
144184
144193
144209
144218
144467
144485
144564
144573
144616
144795
144856
144865
144917
144944
145099
145239
145309
145354
145390
145406
145424
145433
145521
145682
145831
146205
146214
146278
146296
146348
146366
146418
146454
146472
146506
146603
146685
146700
146791
146807
146816
146968
147004
147350
147378
147396
147411
147439
147509
147518
147642
147749
147758
147800
147819
147916
147970
148007
148098
148140
148256
148292
148380
148399
148432
148672
148821
148919
148937
148955
148973
148991
149019
149204
149286
149310
149365
149499
149532
149550
149727
149842
150048
150075
150127
150251
150303
150428
150437
150525
150640
150695
150710
150765
150853
150987
151209
151467
151537
151564
151607
151661
151829
151874
152044
152114
152150
152187
152220
152275
152284
152309
152327
152415
152497
152628
153038
153074
153083
153092
153171
153205
153214
153311
153339
153445
153463
153472
153524
153533
153542
153588
153597
153630
153676
153737
153746
153764
153773
153782
153922
154059
154110
154129
154165
154208
154262
154299
154332
154341
154378
154396
154411
154448
154457
154466
154484
154509
154545
154572
154633
154642
154651
154697
154776
154794
154800
154819
154907
154925
154934
154943
154952
154970
154998
155052
155098
155104
155159
155177
155186
155195
155201
155210
155265
155283
155292
155353
155423
155441
155450
155478
155487
155566
155593
155609
155618
155715
155830
155858
155867
155946
156107
156134
156231
156277
156310
156338
156392
156426
156444
156471
156611
156648
156675
156754
156790
156842
156851
156860
156921
156930
156967
157094
157146
157173
157234
157304
157331
157395
157438
157456
157483
157508
157553
157641
157711
157739
157766
157827
158079
158088
158158
158246
158282
158325
158334
158343
158352
158431
158440
158538
158644
158662
158723
158769
158778
158787
158884
159027
159197
159258
159267
159319
159328
159407
159443
159452
159498
159513
159522
159531
159601
159799
159805
160010
160117
160126
160135
160144
160199
160250
160320
160348
160436
160445
160454
160472
160481
160524
160579
160597
160603
160649
160667
160913
160995
161022
161059
161077
161138
161192
161208
161378
161484
161493
161527
161545
161581
161615
161624
161651
161688
161767
161776
161800
161837
161855
161864
161882
162025
162104
162122
162168
162335
162371
162557
162609
162618
162672
162690
162706
162779
162830
162885
162982
163028
163107
163347
163408
163426
163541
163657
163736
163754
163815
164058
164100
164137
164191
164313
164535
164571
164599
164678
164775
165033
165060
165112
165149
165194
165255
165608
165635
165750
165981
166009
166063
166133
166276
166294
166319
166328
166407
166498
166586
166595
166601
166610
166647
166805
166814
166823
166887
166957
166975
167020
167039
167224
167297
167312
167376
167525
167534
167543
167631
167738
167871
167905
168032
168519
168555
168573
168607
168883
168892
169187
169275
169284
169503
169521
169576
169655
169761
169813
169947
169956
169974
169992
170046
170055
170240
170259
170286
170338
170444
170514
170541
170550
170587
170611
170620
170657
170693
170736
170790
170824
171012
171155
171225
171234
171261
171304
171313
171322
171395
171465
171483
171535
171775
171988
171997
172015
172060
172121
172200
172291
172307
172325
172398
172422
172495
172556
172574
172583
172617
172635
172671
172769
172778
172802
172918
172927
172954
172963
173018
173063
173115
173203
173416
173461
173470
173559
173638
173708
173726
173735
173744
173799
173805
173911
173939
173993
174002
174118
174136
174163
174190
174321
174376
174428
174446
174473
174482
174561
174570
174604
174668
174686
174738
174756
175041
175120
175148
175157
175175
175236
175263
175315
175476
175494
175519
175528
175573
175591
175607
175643
175652
175698
175713
175722
175786
175810
175829
175883
175917
175935
176008
176062
176071
176169
176178
176239
176354
176390
176415
176460
176497
176549
176716
176734
176798
176983
176992
177056
177074
177135
177153
177250
177287
177302
177436
177472
177588
177603
177676
177685
177807
177870
177922
177931
177977
178004
178031
178040
178077
178110
178129
178183
178217
178262
178314
178332
178448
178466
178484
178527
178563
178606
178828
178998
179025
179052
179195
179229
179238
179283
179344
179399
179511
179539
179645
179715
179724
179742
179919
179991
180054
180063
180090
180124
180142
180151
180160
180197
180203
180212
180249
180276
180328
180373
180391
180771
180850
180902
180957
181011
181145
181163
181181
181190
181206
181251
181303
181312
181419
181473
181482
181491
181640
181756
181765
181792
181817
181880
181941
182148
182209
182397
182485
182500
182652
182704
182722
182810
182883
182892
182908
182944
182953
182999
183035
183099
183105
183114
183123
183132
183141
183150
183202
183248
183488
183600
183655
183707
183725
183743
183831
183859
183877
183901
183938
183983
184010
184038
184047
184056
184135
184153
184180
184205
184278
184320
184357
184427
184445
184481
184746
184791
184870
184922
184959
184968
184986
184995
185174
185235
185244
185332
185396
185466
185509
185536
185624
185651
185679
185721
185767
185873
185916
185970
186016
186025
186034
186052
186274
186335
186405
186423
186469
186593
186645
186797
186830
186849
187000
187198
187268
187505
187514
187532
187587
187602
187620
187639
187666
187675
187754
187903
187912
187994
188003
188100
188137
188216
188261
188289
188438
188669
188678
188687
188696
188836
188890
188915
188924
188942
188988
189219
189282
189404
189422
189468
189477
189547
189653
189714
189787
189802
189839
189927
189954
190008
190053
190071
190169
190187
190239
190293
190318
190381
190442
190451
190521
190530
190585
190619
190628
190673
190707
190752
190840
190956
190974
191083
191153
191199
191287
191302
191311
191339
191384
191612
191658
191719
191728
191764
191834
191870
191940
191959
191986
192022
192147
192156
192484
192536
192688
192800
192828
192855
192961
192970
192998
193043
193122
193186
193201
193265
193283
193326
193380
193478
193496
193566
193609
193672
193760
193788
193812
193858
193946
193991
194028
194107
194204
194222
194240
194259
194383
194435
194453
194611
194709
194727
194879
194967
195058
195067
195137
195191
195289
195322
195492
195614
195623
195669
195687
195702
195784
195793
195818
195845
195924
195988
196389
196459
196477
196565
196644
196662
196699
197081
197212
197294
197337
197522
197531
197814
197850
197887
197920
197966
198011
198039
198075
198084
198118
198154
198190
198206
198233
198251
198260
198321
198330
198367
198376
198455
198491
198525
198534
198552
198570
198589
198622
198631
198640
198668
198710
198729
198774
198817
198844
198871
198905
198914
198923
198941
198987
198996
199005
199014
199023
199050
199078
199087
199263
199324
199333
199351
199360
199421
199449
199467
199476
199485
199494
199625
199634
199689
199722
199731
199740
199759
199768
199786
199795
199838
199856
199883
199892
199908
199926
199935
199953
199980
200110
200129
200165
200192
200208
200262
200305
200314
200341
200387
200411
200509
200590
200624
200721
200794
200828
200846
201016
201034
201070
201098
201131
201159
201177
201229
201283
201478
201487
201496
201539
201584
201609
201618
201627
201672
201681
201751
201779
201803
201821
201928
201946
201973
201982
201991
202019
202055
202064
202152
202161
202189
202222
202268
202356
202435
202453
202639
202648
202657
202736
202888
202949
202985
203030
203146
203155
203164
203225
203234
203289
203331
203438
203599
203605
203614
203678
203711
203720
203748
203818
203854
203881
203942
204121
204158
204167
204255
204307
204334
204422
204431
204440
204459
204592
204608
204626
204662
204714
204723
204741
204769
204778
204884
204893
204945
204963
204981
205054
205090
205142
205197
205276
205319
205391
205470
205513
205568
205726
205841
205887
205966
206011
206039
206057
206093
206172
206181
206224
206321
206358
206394
206419
206446
206482
206756
206783
206880
206905
206923
206932
206969
206996
207050
207069
207087
207102
207166
207236
207272
207281
207290
207449
207537
207607
207625
207634
207670
207704
207740
207786
207838
207935
207962
208017
208026
208035
208044
208053
208080
208123
208187
208248
208275
208318
208390
208406
208415
208433
208479
208512
208637
208655
208859
209038
209074
209153
209205
209250
209348
209393
209667
209676
209694
209700
209719
209746
209940
209986
210100
210155
210234
210270
210340
210359
210410
210456
210474
210483
210508
210562
210599
210605
210711
210748
210784
210890
210924
210951
211006
211079
211112
211149
211185
211200
211246
211307
211316
211334
211343
211398
211495
211617
211635
211750
211802
211820
211875
211909
211927
211954
212045
212072
212090
212124
212300
212328
212337
212355
212364
212407
212425
212434
212568
212638
212726
212744
212869
212878
212975
212993
213002
213057
213163
213181
213215
213233
213330
213376
213455
213473
213491
213525
213534
213552
213570
213589
213622
213659
213774
213914
213932
214005
214023
214111
214227
214263
214290
214315
214379
214476
214528
214546
214582
214838
214892
214908
214944
214962
215008
215026
215044
215239
215309
215336
215381
215390
215415
215433
215479
215488
215530
215567
215585
215594
215646
215682
215789
215868
215886
215895
215965
215974
215983
215992
216074
216083
216108
216162
216180
216223
216296
216418
216427
216436
216445
216454
216551
216579
216630
216649
216746
216773
216782
216825
216940
216986
217077
217086
217323
217350
217439
217475
217545
217572
217615
217651
217712
217794
217828
217837
217891
217916
217989
218025
218043
218113
218140
218159
218195
218353
218487
218520
218821
218830
218858
218867
218885
218894
218955
218991
219037
219055
219125
219134
219143
219170
219189
219329
219338
219392
219408
219426
219453
219480
219587
219596
219824
219879
219888
219903
219921
219994
220057
220118
220127
220163
220251
220279
220321
220394
220400
220464
220491
220570
220589
220640
220747
220756
220765
220853
220880
220914
221050
221096
221102
221148
221157
221175
221184
221236
221281
221290
221306
221333
221388
221397
221430
221485
221494
221582
221591
221607
221616
221625
221634
221643
221829
221908
221980
222026
222053
222062
222099
222105
222141
222567
222576
222673
222682
222691
222707
222761
222822
222886
222992
223056
223074
223320
223357
223427
223463
223472
223524
223658
223667
223773
223816
223852
223870
223898
223913
223922
224013
224110
224156
224183
224208
224271
224350
224536
224572
224615
224642
224660
224679
224758
224828
224891
224907
224961
225070
225140
225308
225371
225423
225469
225520
225715
225760
225788
225867
225876
225991
226019
226107
226116
226125
226134
226204
226277
226329
226374
226408
226578
226675
226709
226772
226790
226860
226903
226930
227003
227012
227058
227146
227155
227182
227191
227225
227298
227304
227313
227322
227386
227401
227687
227766
227836
227854
227924
227988
228088
228158
228185
228200
228219
228282
228291
228316
228477
228547
228608
228680
228699
229036
229072
229151
229258
229319
229328
229355
229416
229425
229504
229522
229540
229638
229656
229799
229832
229841
229957
229984
230010
230065
230074
230092
230135
230144
230162
230180
230199
230205
230214
230223
230418
230490
230676
230746
230861
231004
231192
231280
231350
231402
231411
231536
231572
231642
231688
231697
231703
231721
231873
231882
232052
232195
232292
232353
232414
232450
232502
232575
232593
232618
232724
232788
232867
232919
232946
233019
233037
233082
233091
233116
233189
233259
233286
233310
233329
233338
233392
233408
233462
233480
233639
233648
233657
233666
233754
233772
233903
233949
234119
234191
234225
234313
234359
234377
234401
234526
234650
234687
234696
234711
234739
234784
234924
234933
234951
234960
235088
235103
235149
235158
235273
235307
235334
235343
235352
235431
235495
235501
235583
235671
235750
235954
236018
236027
236072
236090
236212
236267
236300
236382
236461
236531
236559
236610
236638
236656
236692
236708
236744
236753
236887
236975
237039
237109
237127
237145
237172
237224
237242
237303
237321
237419
237437
237473
237491
237534
237543
237552
237561
237570
237598
237604
237613
237659
237729
237808
237817
237835
237844
237905
237978
237987
237996
238005
238014
238087
238096
238175
238263
238315
238397
238421
238564
238652
238722
238759
238786
238810
238883
238971
239008
239187
239220
239248
239372
239442
239460
239488
239530
239655
239673
239725
239752
239798
239877
239910
239965
240055
240116
240125
240170
240198
240240
240505
240514
240596
240620
240657
240666
240693
240709
240718
240736
240745
240754
240790
240879
240985
241100
241146
241182
241191
241216
241225
241304
241331
241377
241410
241517
241614
241702
241720
241739
241766
241793
241906
241951
242060
242112
242121
242316
242413
242422
242556
242565
242583
242617
242626
242635
242644
242653
242662
242680
242699
242705
242723
242741
242750
242820
242884
242945
242954
242972
243072
243081
243106
243115
243133
243142
243151
243179
243188
243197
243203
243212
243221
243346
243382
243407
243416
243443
243498
243568
243577
243601
243638
243647
243665
243762
243799
243805
243832
243841
243902
244279
244437
244446
244464
244491
244561
244613
245069
245281
245290
245625
245980
245999
246008
246017
246026
246035
246071
246202
246266
246354
246415
246460
246600
246813
247010
247047
247232
247603
247764
247834
247870
247922
247940
248031
248165
248192
248314
248527
248606
248624
248633
248660
248703
248776
248794
248925
248943
248970
249061
249140
249238
249247
249566
249609
249779
250027
250072
250285
250498
250832
250902
250920
250993
251075
251260
260196
260284
260336
260354
260363
260372
260585
260664
260804
260929
260965
261375
261384
261393
261436
261676
261719
261773
261816
262031
262217
262235
262305
262341
262369
262402
262466
262509
362700
362782
363077
363147
363165
363217
363527
363606
363633
363679
363882
364016
364025
364122
364308
364326
364548
364566
364575
364584
364609
364618
364627
364636
364760
364812
364946
364955
364964
364973
365000
365055
365073
365091
365107
365125
365198
365204
365213
365240
365310
365329
365374
365383
365392
365453
365480
365505
365569
365693
365763
365912
365930
366155
366191
366261
366270
366289
366340
366395
366401
366438
366447
366456
366465
366535
366571
366623
366632
366784
366906
366960
367051
367088
367097
367176
367264
367334
367389
367398
367413
367431
367459
367608
367662
367723
367875
367893
367972
367981
367990
368036
368151
368160
368364
368407
368647
368771
368780
368799
368805
368832
368850
368911
368993
369020
369109
369400
369419
369446
369455
369516
369622
369668
369686
369783
369792
369853
369950
371034
371052
371140
371186
371265
371274
371690
371830
371928
371964
371982
372000
372028
372037
372082
372143
372161
372240
372329
372347
372356
372462
372480
372718
372772
372833
372921
373030
373058
373119
373216
373340
373447
373526
373605
373678
373696
373711
373757
373784
373906
374112
374291
374316
374343
374440
374495
374680
374699
374875
374927
374990
375106
375294
375300
375319
375373
375407
375416
375540
375559
375568
375647
375656
375683
375692
375708
375717
375726
375735
375744
375753
375762
375799
375841
375902
375939
375948
375966
376039
376109
376118
376127
376224
376242
376288
376321
376330
376349
376385
376446
376631
376668
376677
376695
376710
376871
376950
376987
376996
377111
377193
377218
377236
377272
377281
377306
377315
377342
377403
377421
377430
377449
377458
377485
377519
377643
377652
377661
377670
377722
377759
378105
378886
378956
379074
379135
379463
379621
379685
379746
379782
380067
380094
380137
380359
380368
380401
380438
380456
380474
381237
381334
381343
381361
381370
381422
381431
381486
381529
381699
381705
381732
381741
381796
381866
382018
382027
382106
382249
382258
382267
382276
382300
382382
382416
382461
382504
382531
382595
382708
382771
382780
382896
382902
382975
383084
383163
383172
383190
383251
383279
383297
383312
383330
383367
383376
383400
383419
383464
383507
383516
383570
383598
383613
383677
383765
383880
383899
383950
384184
384193
384209
384290
384333
384342
385026
385132
385503
385549
385929
386153
386214
386357
387235
387660
387730
387800
387819
387925
388043
388089
388098
388663
388681
389860
390394
390905
391005
391333
391546
391582
391616
391759
391810
392257
392354
392415
392798
393180
393524
393649
393861
393977
394660
394679
394846
395070
395195
395362
395690
395733
396000
396310
397553
397641
397942
398574
399212
400080
400187
400637
401339
401481
402563
402633
402800
402864
402882
402989
403405
403414
404037
404222
404295
404365
404374
404383
404426
404505
404514
404532
404657
404675
404684
404718
404921
404930
404994
405003
405012
405021
405173
405562
405748
405845
405872
406051
406149
406200
406246
406325
406361
406413
406422
406486
406495
407054
407090
407106
407142
407151
407355
407382
407391
407407
407425
407434
407452
407461
407470
407489
407504
407513
407522
407568
407577
407595
407601
407665
407683
407708
407744
407832
408057
408066
408163
408312
408394
408437
408853
408862
409032
409120
409166
409193
409209
409245
409281
409324
409528
409537
409591
410034
410070
410256
410520
410788
410797
410964
411055
411374
411684
411754
411806
411851
412003
412173
412535
412544
412599
412720
412854
413176
413343
413459
413501
413565
413626
413680
413802
413820
413945
413972
414054
414063
414124
414452
414461
414489
414540
414559
414869
414911
415048
415057
415376
415561
415729
415774
415987
416458
416670
416971
416980
416999
417008
417062
417105
417114
417123
417132
417150
417169
417178
417187
417202
417211
417220
417239
417248
417257
417266
417275
417327
417345
417390
417406
417442
417451
417497
417503
417549
417567
417576
417600
417628
417637
417646
417655
417673
417682
417725
417734
417743
417789
417798
417804
417822
417831
417840
417868
417886
417910
417947
417974
417983
418001
418010
418029
418038
418056
418074
418083
418162
418171
418199
418205
418223
418250
418269
418278
418287
418296
418302
418311
418320
418339
418348
418357
418384
418409
418418
418427
418445
418454
418463
418481
418506
418515
418524
418533
418542
418560
418588
418603
418612
418658
418676
418700
418737
418755
418764
418773
418782
418791
418870
418889
418898
418904
418913
418968
418977
419022
419031
419095
419101
419147
419156
419183
419217
419226
419235
419244
419253
419262
419271
419280
419305
419314
419332
419341
419350
419378
419411
419420
419439
419448
419484
419633
419660
419688
419703
419712
419721
420024
420103
420194
420200
420255
420343
420361
420370
420398
420431
420440
420459
420468
420495
420510
420538
420556
420583
420608
420723
420796
420981
421540
421559
421586
421601
421610
421647
421665
421708
421717
421771
421805
421841
421878
421896
421920
421939
422039
422154
422190
422297
422756
422835
423120
423245
423324
423397
423412
423494
423865
423980
424008
424424
425126
425250
425296
425393
425685
425782
425870
427025
427308
427326
427335
427973
427982
427991
428000
428019
428037
428055
428073
428091
428107
428125
428143
428170
428222
428392
429003
429012
429076
429100
429128
429216
430254
430306
430421
430500
430564
430582
430616
430643
430670
430777
430795
430883
430908
430917
430935
430962
430971
430980
430999
431017
431026
431044
431071
431099
431105
431123
431141
431169
431178
431187
431196
431266
431275
431284
431309
431558
431567
431594
431600
431637
431655
431664
431673
431691
431707
431716
431743
431770
431804
431859
431877
431886
431929
431956
431965
432074
432083
432117
432269
432278
432296
432311
432320
432524
433013
433040
433059
433068
433129
433138
433156
433174
433192
433217
433855
433970
434016
434061
434098
434113
434122
434274
434283
434292
434308
434317
434326
434344
434353
434362
434371
434380
434432
434469
434478
434496
434502
434584
434672
434751
434812
434821
434830
434928
435204
435338
436003
436012
436021
436030
436067
436076
436100
436155
436182
436270
436289
436304
436474
436517
436526
436562
436599
436605
436632
436641
436650
436748
436757
436775
436784
436793
436809
436854
437060
437088
437103
437112
437167
437237
437255
437501
437510
437529
437538
437556
437565
437574
437583
437608
437635
437653
437662
437705
437723
437732
437750
437769
437778
437857
437875
437927
437936
437945
437981
438036
438081
438188
438197
438212
438267
438276
438285
438294
438337
438504
438513
438638
438656
438674
438708
438735
438850
438869
438887
438911
438984
439002
439039
439145
439190
439367
439400
439437
439455
439473
439482
439491
439507
439516
439525
439534
439543
439561
439570
439589
439598
439604
439622
439631
439659
439668
439686
439695
439729
439738
439747
439756
439774
439792
439826
439844
439862
439871
439899
439905
439932
439941
439978
439987
439996
440004
440022
440059
440068
440077
440086
440101
440156
440174
440217
440226
440235
440253
440262
440271
440350
440369
440378
440387
440402
440615
440624
440651
440730
440776
440837
440864
440873
440882
440891
440907
440989
441016
441061
441070
441089
441122
441168
441210
441229
441247
441256
441274
441292
441317
441335
441344
441353
441362
441371
441380
441399
441405
441414
441423
441432
441441
441450
441487
441496
441502
441548
441557
441566
441575
441584
441593
441618
441627
441636
441645
441654
441663
441672
441681
441690
441706
441715
441724
441733
441742
441751
441760
441779
441788
441797
441821
441830
441858
441867
441876
441894
442028
442055
442204
442213
442240
442329
442408
442417
442471
442480
442523
442602
442611
442657
442666
442727
442736
442781
442851
442879
442903
442912
442921
442958
442967
442976
442985
442994
443012
443021
443030
443085
443094
443100
443137
443146
443155
443164
443173
443182
443207
443216
443234
443243
443252
443261
443270
443289
443298
443304
443313
443322
443359
443368
443377
443401
443429
443483
443492
443517
443580
443614
443632
443641
443669
443678
443720
443748
443827
443836
443845
443863
443942
443951
443979
444015
444051
444112
444121
444176
444185
444194
444200
444219
444228
444237
444246
444264
444291
444316
444325
444334
444343
444352
444361
444370
444404
444422
444440
444459
444468
444477
444486
444495
444501
444510
444529
444538
444547
444556
444565
444574
444583
444592
444608
444617
444626
444635
444644
444653
444662
444671
444680
444705
444714
444732
444741
444750
444769
444787
444796
444802
444811
444839
444848
444857
444866
444875
444884
444893
444909
444918
444936
444945
444954
444972
444981
445018
445054
445179
445203
445249
445328
445355
445364
445373
445382
445443
445452
445461
445489
445498
445513
445531
445540
445559
445568
445577
445586
445595
445629
445638
445647
445656
445674
445726
445762
445771
445780
445799
445841
445850
445896
445911
445948
445957
445993
446020
446057
446066
446075
446084
446093
446109
446118
446136
446145
446163
446172
446190
446206
446215
446224
446242
446251
446260
446279
446288
446297
446303
446312
446321
446349
446358
446367
446385
446400
446428
446437
446446
446455
446464
446491
446507
446516
446525
446534
446543
446552
446570
446589
446598
446622
446774
447014
447023
447102
447120
447209
447254
447379
447388
447403
447430
447449
447582
447704
447713
447722
447731
447759
447768
447777
447795
447810
447829
447838
447847
447856
447865
447874
447883
447892
447908
447917
447926
447935
447962
447971
447980
447999
448008
448017
448026
448035
448044
448053
448071
448080
448099
448105
448114
448123
448132
448141
448150
448178
448196
448202
448211
448220
448248
448257
448266
448275
448354
448415
448424
448433
448594
448707
448716
448770
448859
448965
449269
449311
449320
449357
449366
449375
449384
449393
449409
449418
449436
449445
449454
449463
449472
449490
449506
449515
449524
449533
449551
449588
449597
449603
449612
449649
449667
449676
449685
449694
449700
449719
449728
449737
449746
449773
449782
449791
449807
449816
449825
449843
449852
449861
449913
449968
449995
450012
450021
450076
450119
450128
450146
450164
450182
450553
450632
450650
450748
450775
450915
450951
450960
450988
450997
451006
451015
451024
451033
451042
451051
451088
451097
451103
451112
451121
451158
451167
451176
451194
451200
451219
451228
451237
451246
451255
451264
451273
451282
451291
451307
451316
451325
451334
451343
451352
451361
451389
451413
451431
451440
451459
451468
451477
451486
451495
451501
451529
451538
451547
451565
451574
451583
451592
451608
451617
451626
451635
451644
451653
451741
451778
451857
451866
451893
451918
452009
452106
452249
452586
452841
453075
453109
453349
453516
453695
453756
453792
453817
454023
454032
454078
454193
454412
454430
454537
454564
454607
454616
454634
454652
454661
454698
454704
454713
454722
454731
454740
454759
454768
454777
454786
454795
454801
454810
454847
454865
454874
454883
454892
454908
454917
454926
454935
454944
454953
454962
454971
454980
454999
455008
455017
455026
455035
455044
455053
455062
455071
455080
455105
455114
455123
455132
455141
455187
455196
455202
455211
455220
455239
455248
455266
455275
455284
455293
455309
455318
455327
455336
455345
455354
455363
455372
455381
455415
455424
455451
455512
455530
455567
455707
455725
455734
455743
455752
455761
455789
455798
455822
455831
455840
455859
455868
455877
455886
455895
455901
455910
455929
455938
455947
455956
455965
455974
455983
456001
456029
456065
456074
456092
456180
456214
456287
456384
456870
456904
456913
456940
456968
456995
457013
457086
457174
457192
457217
457235
457244
457253
457262
457305
457314
457323
457332
457341
457350
457369
457378
457387
457396
457411
457420
457439
457448
457457
457466
457475
457493
457509
457527
457536
457545
457554
457563
457572
457581
457590
457606
457615
457624
457633
457642
457651
457679
457703
457712
457721
457730
457749
457758
457767
457776
457785
457794
457800
457819
457828
457837
457846
457855
457864
457873
457891
457907
457916
457925
457943
457952
457961
457970
457998
458007
458016
458025
458034
458043
458052
458061
458070
458089
458098
458104
458122
458131
458140
458168
458265
458672
458681
459116
459125
459134
459143
459152
459161
459170
459189
459198
459213
459231
459240
459277
459286
459295
459301
459310
459329
459338
459347
459356
459365
459374
459392
459408
459417
459426
459435
459444
459453
459462
459471
459480
459499
459514
459523
459532
459541
459550
459569
459578
459815
460057
460066
460190
460385
460394
460464
460561
460622
460747
460756
460765
460808
460862
460914
460932
460950
460969
460987
460996
461111
461157
461166
461175
461184
461193
461209
461218
461227
461245
461254
461263
461272
461290
461306
461315
461324
461333
461342
461351
461360
461379
461388
461397
461403
461412
461421
461430
461449
461467
461476
461494
461500
461519
461537
461546
461555
461564
461573
461582
461591
461607
461616
461634
461652
461661
461670
461689
461698
461704
461713
461722
461731
461740
461768
461777
461786
461801
461810
461829
461838
461856
461865
461874
461892
461908
461917
461926
461935
461944
461953
461962
461971
461980
461999
462008
462017
462026
462035
462053
462062
462071
462293
462318
462336
462345
468705
474872
474881
474915
474924
475015
475389
475404
475413
475431
475468
475538
475556
475574
475653
475680
475705
475714
475839
476470
476498
476504
476513
476522
476531
476540
476568
476577
476586
476595
476610
476629
476638
476647
476656
476674
476683
476708
476726
476735
476744
476753
476771
476780
476799
476805
476814
476823
476832
476841
476850
476869
476878
476887
476896
476902
476911
476939
476948
476957
476966
476984
476993
477002
479965
479974
479983
479992
480019
480028
480037
480514
