100885
100928
102100
102119
102322
102331
102359
102906
103440
105941
105950
106078
107035
107336
107372
108603
109013
109095
109110
109642
109916
110051
110264
110440
110459
110477
110927
110936
110981
111036
111179
111489
111647
111814
112093
112109
112163
112233
112312
112589
114239
115029
115047
115074
115241
115250
115843
115922
115940
116022
116110
116156
116262
116402
116624
116943
116970
117061
117308
117548
117937
118310
118569
119049
119076
119128
119711
119881
120157
120430
120652
120810
120874
120944
121123
121141
121600
122126
122144
122223
122250
122287
122533
122861
122995
123271
123314
123688
123712
124627
124733
124885
125347
125587
125602
125806
125815
125824
125985
126085
126128
126368
126526
126571
126881
127042
127103
127796
127954
128586
130271
130785
131380
131724
131788
131946
131964
132161
133067
133599
133623
133775
134361
134459
134477
134699
135230
135601
135920
136446
136455
137306
137388
137421
138062
138071
138336
138530
138725
138877
139825
139843
140100
140438
140571
141723
141866
142957
143163
143242
143367
143941
144768
144838
145026
145761
145840
145901
147518
147882
149578
150367
150376
150561
150969
151120
151148
151157
151193
151209
151236
152345
152734
153898
153931
154439
154509
155308
155326
155946
156055
157234
157544
157687
158103
158264
160764
161147
161174
161448
161837
161882
162885
164137
164401
164526
164571
165769
165848
167853
168175
168272
168944
169488
169497
169549
169594
169600
169938
170286
170569
172121
172468
172750
172778
173133
173267
174464
174561
174622
174631
175555
175847
175917
176150
176284
176460
176804
177153
177393
177463
178688
179742
179937
180133
180498
180717
181011
182810
183169
184153
185147
187879
188456
188933
189246
189291
189316
189802
189884
190433
191366
191524
191658
191782
191825
191861
192466
192855
193007
193025
193034
193539
193742
193876
194107
194152
194286
194295
194709
194727
195076
195137
195562
195818
196608
197188
197319
197498
197595
197638
197683
197948
199759
201007
201830
201849
201946
202019
202648
203049
203076
203818
203836
203951
204219
205221
205319
209472
210508
211662
212027
212124
212452
212461
212638
212841
213048
214120
215196
215406
216180
216384
217068
217697
217970
218131
218168
218317
219073
219134
220224
220561
220589
220914
221193
221245
221704
221786
224208
225742
228477
228811
228990
229762
230843
231110
231192
231396
231402
231703
232140
232362
232469
233259
233462
233727
234058
234793
234960
235185
236090
236106
236300
237190
237288
237905
238263
238856
238883
239406
239752
239822
240347
243762
243805
244464
245245
245412
246558
247056
247250
247296
247445
247612
247764
247922
248943
260141
260169
260187
260196
260211
260804
261065
262013
262095
262110
262138
262192
262305
363369
363378
363411
364089
364131
365310
365578
365709
366182
366784
366906
367556
367787
367893
368081
368276
368823
368869
369215
369288
369525
369756
369826
372763
373030
373872
374033
374370
374413
374705
375294
377430
377494
377519
377616
378141
378248
378354
378707
378770
378798
378938
379056
379782
379889
380076
380395
381167
381389
381440
381653
381741
382027
382072
382364
382522
382531
382595
382869
382966
383534
383561
383729
383738
384218
384263
386171
386214
387679
387785
387828
387837
388140
390002
390011
390279
390358
391397
391494
391652
391962
392309
392886
393108
393117
393685
393816
394208
394262
394642
394916
395061
396435
396985
397003
397553
397632
397702
398477
399498
399586
400257
400789
402493
402633
404143
404329
404657
404842
404851
404860
404879
404888
404949
405128
405137
405623
405757
405775
405784
405793
406282
406431
406592
406608
406617
406626
407009
407230
407258
407665
407887
407911
408118
409236
409342
409689
409795
409847
409917
410317
411596
411675
411709
411888
411921
412021
412137
412155
412401
412580
412766
412997
413006
413431
413723
413875
414009
414133
414391
414850
414920
415297
415321
415330
416139
416546
416892
417345
418463
418490
418551
419448
419554
419572
420033
420282
420291
420361
420389
420413
420510
420529
420547
420574
420671
420680
420787
420963
421975
422002
422622
422640
422774
423494
423670
423713
424266
424318
424664
424929
425269
425296
425302
425533
426794
427946
428107
428408
430102
430333
430573
430865
431114
431132
431248
431594
431655
431743
431822
431901
432171
432180
432205
432375
433129
433147
433156
433217
433280
433305
433554
434654
434663
434706
434724
434788
434803
434885
434928
435338
436021
436234
436298
436386
436447
436456
436474
436845
437130
437185
437264
437282
437291
437307
437334
437352
437370
437389
437398
437404
437510
437866
438027
438072
438081
438090
438391
438407
438443
438595
438717
438744
438762
438771
438799
438911
438939
438948
438966
439011
439075
439109
439172
439181
439206
439215
439224
439233
439242
439251
439260
439321
440004
440192
440387
440493
440509
440518
440527
440660
440712
441061
441399
441946
442107
442116
442125
442198
442259
442268
442277
442301
442541
442754
442772
442833
443030
443386
443757
443775
443793
443872
443915
443960
444006
444820
444848
445054
445966
446695
446826
446969
447139
447397
447643
448293
448318
448682
448743
448886
450164
450687
451185
451723
451787
453543
454166
454625
455594
456171
457095
458548
458575
461050
470269
475042
