100733
101365
101569
102580
103529
103723
103732
103741
103909
103927
104364
104434
104443
104531
104586
105163
105172
105367
105543
106111
108056
108250
108852
109013
110185
110501
111726
111762
111771
111799
112312
112376
112817
113227
113607
114062
114390
114415
114831
115454
115472
115490
115515
115533
116466
116475
116484
116624
117681
117900
117928
118134
11835602
11835603
11835604
11835605
11835606
11835607
11835608
11835609
11835610
119058
120023
120740
121008
121178
121877
121983
122320
122694
122737
122782
123448
123925
124557
125019
125222
126100
126854
126924
127680
127699
128300
128337
129428
130882
132842
134149
134909
135063
135610
135771
135957
136011
136066
136206
137148
137801
138309
138594
138664
139533
140076
140340
141468
141963
142337
143181
143543
144500
144759
145707
145770
149240
149587
150978
150996
151005
151014
151023
151032
151041
151050
151069
151078
151087
151096
151157
151184
151193
151236
151245
151485
151494
151500
151616
151625
151652
151944
152424
153296
153409
153418
154767
155636
156949
157021
157599
157614
157650
157669
157678
157696
157854
158219
158237
158307
158583
158617
158893
158936
158945
159018
159090
159249
159638
159692
159823
159984
160001
160047
160311
160366
160384
160533
160560
160694
160816
160843
160870
161280
162681
164146
164845
165556
165680
166665
168838
169734
170417
171298
172972
173966
173984
174154
174385
174534
174765
174978
175014
175999
176637
177162
177995
178022
178439
178785
179113
179292
179308
180045
180081
180470
181136
181242
181400
181543
181747
182111
182519
183071
183327
184092
184144
184269
184506
184694
184816
185730
186371
186399
187161
187958
187976
188021
188049
188225
188517
188650
189556
189565
189574
189583
189592
189811
190035
190309
190424
191393
192439
192457
192475
192509
192554
192563
193317
195827
195933
196857
198978
199175
199713
200013
200633
200785
201399
201432
201469
202204
202541
202684
203049
203313
203447
203456
203465
203474
203483
203492
203526
203739
204006
204015
204060
204316
204547
204671
204680
204699
204705
204802
204820
204839
204848
204866
205522
205531
205559
205610
205647
205692
205708
205717
206428
206613
206631
207315
207342
208965
209083
209445
212212
212230
212267
212276
212285
212294
212373
212382
212391
212683
212708
212753
21287801
21287802
21287803
21287804
213312
213686
214254
214591
214607
214616
214625
214634
214643
214652
214670
214689
214698
214704
214713
214731
214740
214759
214768
214786
214795
214801
214810
214829
215275
217095
217244
217581
218089
218317
218672
218681
218690
218706
219213
220002
222497
224253
224402
225751
225779
225849
225858
227243
227748
227979
228671
228714
228732
229090
229407
230384
230630
231156
231785
231828
233684
235237
235510
236993
237507
237701
237950
238166
238892
238935
239132
239929
240392
240435
241128
241386
241395
241836
242042
242130
242149
242671
242981
243160
243586
244011
244154
244190
245032
245421
245430
245838
245847
245865
245883
245892
246406
246594
246895
246974
247083
247153
247409
247700
247737
248305
248846
248882
250407
250601
250744
251251
260293
260381
260691
260910
260974
260992
261472
261685
261861
262022
262138
262299
262457
262660
363013
363387
363439
363457
363563
363590
363907
363916
364317
364335
364593
364751
364885
365426
365824
365833
366544
366580
366650
366678
366696
366748
367024
367103
367112
367130
367158
367316
367361
367909
367936
368188
368230
368540
368601
368629
369084
369695
369817
369862
369905
371760
371779
372213
372222
372523
372578
373085
373890
374574
374592
374972
375489
375984
376136
377069
377555
377564
377634
378406
379029
379889
380410
380447
380465
381255
381282
381325
381404
381617
381635
381644
381750
381787
381909
381945
382054
382063
382911
382957
383525
383792
383996
384360
384379
384388
384397
385008
386472
389727
390701
391564
402615
402776
402828
403399
403469
403478
403487
404055
404073
404082
404480
404499
404648
404806
404912
404949
405076
405979
405988
405997
406006
406015
406024
406033
406060
406264
406273
406547
406556
407063
407179
407285
407319
407328
407726
407735
408039
408385
409069
409333
409670
409829
409838
409874
410283
410496
410539
410973
412650
413185
413635
413778
413839
413848
413857
413866
413884
413918
414036
414160
414531
414568
414586
414708
414841
414850
414878
414939
415039
416962
417381
417716
417901
417992
418065
419457
419509
419572
420006
420042
420130
420316
420404
420501
420802
420866
421009
421018
421513
422020
423476
423582
423643
423652
423670
425889
425986
426314
427663
427894
427919
428259
428268
428295
428329
428338
428426
429599
430050
430087
430096
430102
430148
430157
430166
430175
430184
430218
430227
430245
430263
430342
430351
430360
430379
430388
430403
430847
431248
432144
432199
432214
432223
432232
432241
432302
432357
433101
433165
433466
433536
433563
434052
434140
434159
434520
434539
434548
434557
434566
434575
434690
434900
434946
434955
434964
434973
434982
434991
435000
436094
436225
436465
436483
436553
436818
436827
436836
437042
437051
437219
437325
437848
437884
438151
438179
438258
438382
438416
438586
438601
438610
438629
438647
438665
438805
438902
438966
439057
439084
439118
439127
439136
439154
439163
439279
439297
439303
439312
439330
440110
440129
440138
440147
440165
440244
440299
440305
440323
440332
440341
440411
440420
440439
440448
440457
440466
440484
440536
440545
440590
440642
440721
440749
440758
440767
440800
440819
440828
440846
440855
440916
440925
440952
440970
441025
441052
441195
441201
441919
441928
441955
441964
441973
442000
442037
442046
442073
442134
442143
442152
442161
442170
442189
442222
442231
442310
442338
442347
442365
442383
442426
442435
442444
442462
442499
442505
442514
442541
442578
442620
442639
442648
442684
442718
442745
442790
442815
442824
442833
442888
442897
443225
443438
443456
443465
443474
443526
443535
443544
443553
443562
443571
443605
443623
443650
443687
443696
443711
443739
443766
443784
443854
443872
443881
443890
443906
443915
443924
443997
444024
444033
444042
444060
444079
444088
444158
444167
444255
444282
444307
444389
444927
444990
445009
445072
445081
445090
445115
445124
445133
445142
445197
445212
445221
445230
445267
445276
445300
445319
445337
445346
445391
445407
445416
445434
445470
445504
445601
445610
445665
445683
445717
445744
445753
445814
445832
445920
445939
445984
446127
446154
446419
446677
446701
446710
446729
446738
446747
446756
446765
446783
446792
446808
446817
446835
446844
446853
446880
446899
446905
446914
446923
446978
446996
447069
447148
447157
447166
447175
447218
447227
447236
447245
447263
447272
447290
447315
447324
447333
447342
447351
447397
447421
447467
447476
447485
447494
447519
447528
447591
447625
447634
447652
447661
447670
448284
448309
448336
448345
448363
448372
448381
448406
448442
448451
448460
448479
448488
448497
448503
448512
448521
448530
448549
448558
448567
448585
448600
448619
448628
448637
448646
448655
448664
448673
448725
448734
448789
448798
448822
448831
448840
448877
448895
448974
448983
449010
449038
449074
449083
449092
449117
449126
449135
449144
449153
449162
449171
449180
449199
449205
449214
449223
449232
449241
449250
449278
449302
449755
449904
449931
449940
449959
449977
449986
450003
450049
450058
450067
450085
450094
450137
450155
450173
450191
450207
450216
450225
450234
450243
450252
450261
450270
450289
450298
450377
450386
450395
450401
450438
450447
450456
450465
450474
450483
450492
450508
450517
450526
450535
450544
450562
450571
450580
450599
450605
450614
450623
450641
450669
450678
450687
450696
450702
450720
450739
450757
450766
450784
450793
450809
450818
450827
450836
450845
450854
450863
450872
450881
451149
451185
451422
451662
451680
451699
451714
451750
451769
451787
451796
451802
451811
451820
451848
451875
451884
451909
451936
451945
451954
451963
451972
451981
451990
452018
452027
452036
452045
452054
452063
452072
452081
452090
452115
452124
452151
452188
452203
452212
452230
452258
452373
452382
452461
452504
452522
452540
452559
452665
452692
452771
452780
452823
452948
452957
452966
452984
453127
453163
453215
453297
453303
453455
453464
453473
453482
453507
453552
453570
453613
453631
453640
453677
453747
453774
453923
453932
454041
454069
454157
454175
454209
454218
454227
454236
454245
454263
454281
454290
454306
454315
454324
454333
454342
454351
454360
454379
454388
454397
454403
454421
454449
454458
454467
454476
454485
454494
454500
454519
454528
454546
454555
454573
454582
454625
455390
455433
455460
455479
455488
455497
455503
455549
455558
455585
455594
455600
455619
455628
455646
455655
455664
455673
455682
455716
456010
456038
456056
456117
456126
456135
456144
456153
456171
456199
456205
456250
456269
456278
456296
456302
456311
456320
456339
456348
456357
456366
456375
456393
456409
456418
456427
456436
456445
456481
456490
456506
456515
456551
456560
456588
456597
456612
456621
456630
456667
456719
456728
456737
456746
456755
456764
456773
456782
456791
456807
456816
456825
456834
456852
456861
456889
456898
456922
456931
456959
456977
457004
457022
457031
457068
457077
457095
457101
457110
457129
457208
457280
457518
457660
457882
457934
457989
458177
458186
458195
458201
458210
458229
458238
458247
458256
458274
458283
458292
458308
458317
458326
458335
458344
458353
458362
458371
458380
458399
458405
458414
458423
458432
458441
458469
458478
458487
458496
458502
458511
458520
458548
458557
458575
458584
458593
458609
458618
458627
458636
458645
458654
458663
458690
458706
458715
458724
458733
458742
458751
458760
458779
458797
458803
458812
458821
458830
458849
458858
458867
458876
458885
458894
458900
458919
458928
458937
458946
458955
458964
458973
458982
458991
459000
459019
459028
459037
459046
459055
459064
459073
459082
459091
459107
459259
459268
459383
459505
459587
459596
459602
459611
459620
459639
459648
459657
459666
459675
459684
459693
459709
459718
459727
459745
459824
459833
459842
459851
459860
459879
459888
459897
459903
459912
459921
459930
459958
459967
459976
459985
459994
460002
460011
460020
460039
460048
460093
460109
460118
460127
460136
460145
460172
460181
460206
460215
460330
460349
460358
460367
460376
460400
460419
460428
460437
460446
460455
460473
460482
460491
460507
460516
460525
460534
460543
460570
460589
460598
460604
460613
460631
460640
460659
460668
460677
90000201137
