100636
100760
101028
101143
101161
101240
101286
101295
101301
101462
101471
101499
101505
101514
101569
101602
101648
101736
101897
101949
101958
101994
102030
102067
102076
102313
102429
102711
103361
103501
103732
103741
103811
103909
103927
103954
103963
104160
104294
104346
104391
104425
104434
104443
104504
104568
104577
104708
104911
104984
105118
105127
105136
105145
105154
105206
105215
105349
105428
105482
105525
105543
105659
105668
105677
105701
105747
105792
105987
106041
106111
106148
106281
106315
106324
106351
106360
106449
106494
106546
106607
106625
106795
106829
106838
106883
106892
106908
106980
106999
107099
107123
107211
107220
107275
107293
107318
107327
107363
107442
107460
107488
107521
107549
107585
107619
107637
107655
107664
107725
107743
107789
107831
107974
107992
108065
108199
108348
108649
108667
108807
108852
108977
109013
109040
109208
109332
109350
109721
109730
109819
109891
109907
109934
110051
110194
110219
110246
110334
110875
111009
111054
111434
111461
111513
111638
111708
111717
111726
111744
111762
111771
111799
111887
111896
111920
111939
112172
112190
112288
112312
112367
112376
112385
112455
112561
112686
112783
112817
112826
113096
113111
113193
113218
113227
113236
113333
113397
113449
113573
113634
113856
113908
113980
114044
114062
114071
114080
114123
114266
114372
114415
114433
114460
114628
114716
114761
114789
114831
114859
114895
114938
114947
115001
115010
115126
115287
115296
115357
115393
115454
115472
115490
115515
115533
115658
115861
115931
116350
116439
116563
116624
117052
117195
117238
117247
117274
117645
117681
117690
117706
117715
117724
117733
117788
117803
117867
117894
117900
117955
118116
118125
118134
118143
118161
118189
118198
118259
118277
118286
118347
118356
11835602
11835603
11835604
11835605
11835606
11835607
11835608
11835609
11835610
118684
118709
118718
118772
118912
118921
118930
118958
118967
118976
118994
119067
119137
119164
119216
119234
119331
119340
119359
119368
119438
119456
119465
119508
119553
119845
119951
120023
120069
120078
120087
120272
120290
120342
120421
120661
120944
120953
120971
121008
121017
121044
121178
121363
121433
121619
121637
121707
121859
121868
121877
121886
121901
121992
122180
122205
122287
122320
122339
122366
122375
122384
122658
122685
122694
122737
122746
122782
122791
122889
122977
123013
123208
123217
123299
123341
123350
123396
123484
123493
123509
123527
123563
123581
123642
123679
123800
123925
124113
124344
124681
124706
124779
124937
125019
125028
125082
125091
125170
125222
125301
125462
125471
125499
125532
126100
126119
126164
126207
126289
126359
126401
126410
126605
126687
126748
126784
126854
126863
126915
126924
126942
126951
127158
127200
127219
127228
127316
127389
127617
127732
127778
127787
127820
127839
127884
127909
127954
128036
128151
128179
128188
128258
128337
128540
128577
128586
128674
128726
128762
128896
128957
129002
129181
129349
129367
129482
129543
129613
129640
129695
129729
129756
129808
129923
129932
129969
130004
130040
130129
130174
130217
130271
130396
130509
130606
130785
130837
130873
130882
130891
130907
130916
131061
131742
131830
132268
132374
132666
132675
132693
132806
132976
133155
133845
133854
133863
133942
133960
134024
134112
134121
134228
134291
134307
134422
134495
134529
134574
134714
134875
135124
135142
135179
135267
135276
135294
135337
135407
135416
135434
135522
135647
135735
135771
135957
136011
136048
136075
136109
136145
136251
136303
136400
136491
136659
136738
136747
136765
136783
136826
137023
137087
137120
137245
137537
137591
137713
137759
137856
137865
137892
138132
138284
138372
138479
138488
138497
138594
138655
138664
138682
138691
138761
138822
138840
138938
138956
139010
139092
139214
139278
139357
139384
139506
139700
139746
139904
139986
139995
140003
140012
140076
140085
140243
140304
140331
140599
140678
140827
140942
141006
141015
141158
141255
141307
141468
141608
141680
141796
141802
141811
141848
141945
141990
142054
142179
142407
142416
142443
142489
142559
142869
142878
143075
143181
143215
143279
143303
143376
143464
143473
143482
143491
143516
143534
143543
143552
143613
143695
144157
144166
144175
144184
144193
144209
144218
144467
144485
144500
144564
144573
144616
144795
144865
144944
145099
145239
145309
145354
145406
145424
145433
145521
145682
145707
145831
146205
146278
146296
146348
146366
146418
146454
146472
146506
146603
146685
146700
146791
146807
146816
147004
147378
147396
147411
147439
147642
147749
147800
147819
147916
147970
148007
148098
148140
148256
148292
148380
148399
148672
148821
148937
148955
148991
149019
149204
149310
149365
149499
149532
149550
149727
149842
150048
150075
150251
150303
150428
150437
150640
150695
150710
150765
150853
150978
150987
150996
151005
151014
151023
151032
151041
151050
151069
151078
151087
151096
151157
151184
151193
151209
151236
151245
151467
151537
151564
151607
151652
151661
151829
151874
152044
152150
152220
152275
152309
152327
152415
152424
152497
152628
153074
153083
153092
153171
153214
153296
153311
153339
153445
153463
153472
153524
153533
153542
153588
153597
153630
153737
153746
153764
153773
153782
153922
154059
154110
154129
154165
154208
154262
154332
154341
154378
154396
154448
154457
154466
154545
154572
154633
154642
154651
154697
154767
154776
154794
154800
154819
154907
154925
154934
154943
154952
154970
154998
155052
155098
155104
155159
155177
155186
155195
155201
155210
155283
155292
155353
155423
155441
155450
155487
155566
155593
155618
155715
155830
155858
155867
156107
156134
156231
156277
156310
156338
156392
156426
156444
156471
156648
156675
156754
156790
156842
156851
156860
156921
156949
156967
157234
157304
157331
157395
157438
157456
157483
157508
157553
157614
157650
157669
157678
157711
157739
157766
157827
157854
158088
158158
158219
158237
158246
158307
158325
158334
158343
158352
158431
158440
158538
158583
158617
158644
158662
158723
158769
158778
158787
158884
158893
158936
158945
159018
159027
159090
159197
159249
159258
159267
159319
159328
159407
159443
159513
159522
159531
159601
159692
159823
159984
160001
160010
160047
160117
160126
160135
160199
160311
160320
160366
160384
160445
160472
160481
160524
160560
160579
160597
160649
160667
160694
160816
160843
160870
160913
160995
161022
161059
161077
161138
161192
161208
161378
161484
161493
161527
161545
161581
161615
161651
161688
161767
161776
161800
161855
161864
161882
162104
162122
162168
162335
162371
162557
162609
162690
162706
162779
162830
162982
163028
163107
163347
163408
163426
163541
163657
163736
163754
163815
164058
164100
164313
164535
164571
164599
164678
164775
164845
165033
165060
165112
165149
165194
165255
165556
165608
165635
165680
165750
165981
166009
166063
166133
166276
166294
166319
166328
166407
166498
166586
166595
166601
166647
166805
166823
166887
166957
166975
167020
167039
167224
167297
167312
167376
167525
167534
167543
167631
167738
167871
167905
168032
168519
168555
168573
168607
168883
168892
169187
169275
169284
169503
169521
169576
169655
169734
169761
169947
169974
169992
170046
170055
170240
170444
170514
170541
170550
170587
170611
170620
170657
170736
170790
171012
171155
171225
171234
171261
171304
171313
171322
171395
171465
171483
171535
171775
171988
171997
172015
172200
172291
172307
172325
172422
172495
172556
172574
172583
172617
172635
172671
172802
172918
172927
172954
172963
173063
173115
173203
173416
173461
173470
173559
173638
173708
173726
173735
173744
173799
173805
173911
173939
173993
174118
174136
174190
174321
174376
174428
174473
174482
174534
174570
174604
174686
174738
174756
174765
174978
175041
175120
175157
175236
175263
175315
175494
175519
175528
175573
175591
175607
175643
175652
175698
175722
175786
175810
175829
175883
175935
176008
176062
176071
176169
176178
176239
176354
176390
176460
176549
176716
176734
176798
176983
176992
177056
177135
177153
177250
177287
177302
177436
177472
177588
177603
177676
177685
177807
177870
177922
177931
177977
177995
178004
178022
178077
178110
178129
178183
178217
178262
178448
178466
178484
178527
178563
178606
178785
178828
179052
179113
179195
179229
179238
179283
179292
179308
179344
179399
179511
179539
179645
179715
179724
179742
179919
179991
180045
180054
180063
180081
180151
180160
180197
180203
180212
180249
180276
180328
180373
180391
180470
180771
180902
180957
181011
181136
181145
181190
181251
181303
181312
181419
181491
181640
181756
181765
181792
181817
181880
181941
182148
182209
182397
182500
182652
182704
182722
182883
182892
182908
182953
182999
183035
183099
183105
183114
183123
183132
183141
183150
183202
183248
183488
183600
183655
183725
183743
183859
183877
183938
183983
184047
184056
184092
184135
184144
184153
184180
184205
184278
184320
184357
184427
184481
184506
184746
184791
184816
184870
184959
184968
184995
185174
185332
185396
185466
185509
185536
185624
185651
185679
185721
185730
185767
185873
185916
185970
186016
186034
186052
186274
186335
186405
186423
186469
186593
186645
187000
187161
187198
187505
187532
187602
187620
187639
187666
187903
187912
187958
187976
187994
188003
188021
188049
188100
188137
188216
188225
188261
188438
188650
188669
188678
188687
188696
188890
188915
188942
188988
189219
189282
189404
189422
189468
189477
189547
189574
189592
189653
189714
189811
189839
189954
190008
190053
190071
190169
190239
190293
190309
190318
190442
190451
190521
190530
190585
190619
190628
190673
190707
190840
190956
190974
191083
191199
191287
191302
191311
191339
191384
191393
191612
191719
191728
191764
191834
191940
191959
191986
192022
192156
192475
192484
192509
192536
192688
192800
192828
192961
192970
192998
193122
193186
193201
193265
193283
193326
193380
193478
193609
193672
193760
193788
193858
193946
193991
194028
194107
194204
194222
194240
194259
194435
194453
194611
194879
194967
195058
195067
195137
195191
195289
195322
195492
195623
195669
195687
195702
195784
195793
195845
195924
195933
195988
196389
196477
196565
196699
196857
197081
197294
197337
197522
197531
197814
197850
197887
197966
198011
198039
198075
198084
198118
198154
198190
198206
198233
198251
198260
198321
198330
198367
198376
198455
198491
198525
198534
198552
198570
198622
198640
198668
198710
198729
198774
198817
198844
198871
198905
198914
198923
198941
198987
198996
199005
199014
199023
199078
199087
199263
199324
199333
199421
199449
199467
199476
199485
199494
199625
199634
199689
199713
199722
199731
199740
199768
199786
199795
199838
199856
199883
199892
199908
199926
199953
199980
200110
200129
200165
200192
200208
200262
200305
200314
200341
200387
200590
200624
200633
200828
200846
201016
201034
201098
201131
201159
201177
201283
201399
201432
201478
201487
201496
201539
201584
201609
201618
201627
201672
201681
201751
201803
201821
201928
201946
201973
201982
202055
202064
202152
202161
202189
202204
202222
202268
202356
202435
202453
202639
202648
202657
202736
202888
202949
202985
203030
203049
203146
203155
203164
203225
203234
203289
203331
203438
203599
203614
203678
203720
203739
203748
203881
203942
204060
204121
204158
204255
204307
204334
204422
204431
204440
204459
204592
204608
204626
204662
204714
204723
204741
204769
204778
204884
204893
204945
204963
204981
205054
205090
205142
205391
205470
205513
205522
205531
205559
205568
205692
205708
205717
205726
205841
205887
205966
206011
206039
206093
206172
206181
206224
206321
206358
206394
206419
206428
206446
206482
206783
206880
206905
206923
206932
206969
206996
207050
207069
207087
207102
207166
207236
207272
207281
207290
207449
207537
207607
207625
207670
207704
207740
207786
207935
207962
208017
208026
208035
208044
208053
208080
208123
208248
208275
208318
208390
208406
208415
208433
208479
208512
208637
208655
208859
209038
209074
209083
209153
209205
209250
209348
209667
209676
209694
209700
209719
209746
209940
209986
210100
210155
210234
210270
210340
210359
210456
210474
210483
210508
210599
210605
210711
210748
210784
210890
210951
211006
211079
211149
211200
211246
211307
211316
211334
211343
211398
211617
211635
211750
211802
211820
211909
211927
211954
212045
212072
212090
212212
212230
212267
212276
212285
212294
212300
212328
212337
212355
212373
212382
212391
212407
212425
212434
212568
212683
212708
212753
212869
212878
21287801
21287802
21287803
21287804
212975
212993
213002
213057
213163
213181
213215
213233
213312
213330
213376
213455
213473
213491
213525
213534
213552
213570
213589
213622
213659
213686
213774
213914
213932
214023
214111
214254
214290
214315
214379
214476
214528
214546
214582
214838
214892
214944
214962
215008
215026
215044
215239
215309
215336
215381
215390
215415
215433
215479
215530
215585
215594
215646
215682
215886
215965
215974
215983
215992
216074
216083
216162
216180
216223
216296
216418
216427
216436
216445
216454
216579
216630
216649
216746
216773
216782
216825
216986
217077
217086
217095
217244
217323
217350
217475
217545
217572
217581
217615
217712
217794
217828
217837
217891
217989
218025
218043
218113
218140
218159
218195
218317
218353
218487
218520
218672
218681
218690
218706
218821
218830
218858
218867
218885
218894
218955
218991
219037
219055
219125
219143
219170
219189
219338
219392
219408
219426
219453
219480
219587
219596
219824
219879
219888
219903
219921
219994
220057
220118
220127
220163
220251
220279
220321
220394
220400
220464
220491
220570
220589
220640
220756
220765
220853
221050
221096
221102
221148
221157
221184
221236
221281
221290
221333
221388
221397
221430
221485
221494
221582
221591
221607
221616
221625
221634
221643
221829
221908
221980
222026
222053
222062
222099
222105
222497
222567
222576
222673
222682
222691
222707
222761
222822
222886
222992
223056
223320
223427
223463
223472
223524
223658
223667
223773
223816
223852
223898
223922
224013
224110
224156
224183
224253
224271
224350
224572
224615
224642
224660
224679
224758
224828
224891
224907
224961
225070
225308
225371
225423
225520
225751
225779
225788
225876
225991
226019
226107
226116
226125
226134
226204
226277
226329
226374
226408
226578
226675
226772
226860
226903
226930
227003
227058
227146
227155
227182
227191
227225
227298
227304
227313
227322
227386
227401
227687
227748
227766
227836
227854
227924
227979
228088
228158
228185
228200
228219
228282
228291
228316
228477
228547
228608
228671
228680
228699
229036
229072
229151
229319
229328
229355
229416
229425
229504
229522
229540
229638
229799
229832
229841
229957
230010
230065
230092
230135
230144
230162
230199
230205
230214
230223
230418
230490
230676
230746
230861
231004
231280
231411
231536
231642
231688
231697
231721
231873
231882
232052
232195
232414
232450
232502
232575
232593
232618
232724
232788
232867
232919
232946
233019
233037
233082
233091
233116
233286
233310
233329
233338
233408
233480
233639
233648
233657
233666
233754
233772
233903
233949
234119
234191
234225
234359
234377
234401
234650
234687
234696
234711
234739
234784
234924
234933
234951
235088
235103
235149
235158
235237
235307
235334
235343
235352
235431
235495
235501
235583
235671
235750
235954
236018
236027
236072
236212
236382
236531
236559
236610
236638
236656
236692
236708
236744
236753
236887
236975
236993
237039
237109
237127
237145
237172
237242
237303
237321
237419
237437
237473
237491
237507
237543
237552
237561
237570
237598
237604
237613
237729
237817
237844
237905
237978
237987
237996
238005
238014
238096
238166
238175
238263
238397
238421
238722
238759
238786
238810
239008
239132
239187
239220
239248
239372
239442
239460
239488
239877
239910
239965
240055
240116
240125
240170
240198
240240
240505
240514
240596
240620
240657
240666
240693
240709
240718
240736
240745
240754
240790
240879
240985
241100
241128
241146
241182
241191
241216
241225
241304
241331
241377
241386
241395
241410
241517
241614
241720
241739
241766
241793
241836
241906
241951
242042
242060
242112
242121
242130
242149
242316
242413
242422
242556
242565
242583
242617
242626
242635
242644
242653
242662
242671
242680
242699
242705
242723
242750
242820
242884
242945
242954
242972
242981
243072
243081
243106
243115
243133
243142
243151
243160
243179
243188
243197
243203
243212
243221
243346
243407
243416
243443
243498
243568
243577
243586
243601
243638
243647
243665
243799
243832
243841
244279
244437
244446
244491
244561
244613
245032
245069
245281
245290
245421
245430
245625
245980
245999
246008
246017
246035
246071
246202
246266
246354
246406
246415
246460
246594
246813
246895
246974
247010
247047
247153
247409
247603
247737
247834
247922
247940
248165
248192
248305
248314
248527
248606
248624
248633
248660
248703
248776
248794
248846
248925
248943
249061
249140
249238
249247
249566
249609
250027
250072
250285
250407
250498
250601
250744
250832
250902
250920
250993
251075
251260
260336
260354
260363
260372
260664
260691
260929
260965
260992
261375
261384
261393
261436
261676
261685
261719
261773
261861
262031
262138
262235
262299
262341
262369
262402
262457
262509
262660
362700
362782
363013
363077
363147
363165
363387
363457
363563
363590
363633
363679
363882
363907
363916
364016
364025
364122
364317
364326
364335
364548
364566
364575
364584
364593
364618
364627
364636
364751
364760
364812
364885
364946
364955
364964
364973
365055
365073
365091
365107
365125
365198
365204
365213
365240
365374
365383
365453
365480
365505
365569
365693
365763
365824
365833
366155
366191
366261
366270
366289
366340
366395
366401
366438
366447
366465
366535
366544
366571
366623
366632
366960
367051
367088
367097
367103
367112
367130
367158
367176
367264
367316
367334
367361
367398
367413
367431
367459
367662
367875
367893
367972
367981
368036
368160
368188
368230
368364
368407
368540
368629
368647
368771
368780
368799
368805
368832
368911
369020
369109
369400
369419
369446
369455
369516
369668
369686
369695
369783
369792
369853
369862
369950
371034
371052
371140
371265
371690
371760
371779
371830
371928
371964
371982
372000
372028
372037
372082
372240
372329
372356
372462
372523
372718
372772
372921
373058
373119
373216
373340
373447
373526
373605
373678
373696
373711
373784
373890
374112
374291
374316
374440
374574
374592
374875
374927
374990
375106
375300
375319
375373
375407
375416
375540
375559
375568
375647
375656
375683
375692
375708
375717
375726
375735
375744
375753
375762
375799
375841
375939
375948
375966
375984
376039
376136
376224
376242
376288
376321
376330
376385
376446
376631
376668
376677
376695
376987
377111
377193
377218
377272
377281
377315
377342
377403
377421
377449
377458
377485
377634
377643
377652
377661
377670
377722
377759
378105
378886
378956
379029
379135
379463
379621
379746
379782
379889
380067
380094
380359
380368
380401
380410
380438
380447
380456
380474
381255
381282
381325
381334
381361
381370
381404
381486
381529
381635
381644
381699
381705
381732
381741
381750
381796
381945
382054
382063
382258
382267
382276
382382
382461
382504
382771
382780
382896
382902
382911
382957
383084
383163
383172
383190
383251
383279
383297
383312
383330
383367
383400
383464
383507
383525
383765
383792
383899
383950
383996
384184
384193
384209
384333
384342
384360
384379
384388
384397
385008
385132
385503
385549
386153
387235
387660
387819
387925
388043
388663
389727
389860
390905
391005
391333
391546
391564
391582
391759
391810
392257
392354
392415
392798
393180
393524
393649
393861
393977
395362
395690
397641
397942
398574
399212
400080
400187
400637
401339
401481
402563
402633
402800
403399
403414
403469
403478
403487
404037
404055
404222
404365
404374
404383
404426
404499
404505
404514
404657
404684
404718
404806
404912
404921
404949
404994
405003
405012
405021
405076
405748
405872
406024
406033
406051
406060
406149
406200
406264
406273
406325
406361
406413
406422
406486
406495
406556
407054
407090
407142
407151
407179
407328
407355
407391
407407
407425
407434
407452
407461
407470
407489
407504
407513
407522
407568
407577
407595
407601
407683
407708
407726
407735
407744
407832
408057
408066
408163
408312
408385
408394
408437
408862
409032
409120
409166
409193
409209
409245
409333
409537
409591
409670
409874
410034
410070
410256
410283
410496
410520
410539
410788
410797
410964
410973
411055
411374
411684
411754
412003
412173
412535
412544
412599
412650
413176
413185
413343
413626
413635
413680
413778
413802
413820
413918
413945
413972
414036
414054
414063
414124
414452
414461
414489
414540
414559
414841
414850
414869
414911
414939
415039
415057
415729
415774
415987
416458
416670
416971
416980
417008
417062
417105
417123
417132
417150
417169
417178
417187
417202
417211
417220
417239
417248
417257
417266
417275
417327
417345
417381
417390
417406
417442
417503
417549
417567
417576
417600
417628
417637
417646
417655
417673
417682
417716
417725
417734
417789
417804
417822
417831
417840
417868
417886
417901
417910
417947
417983
417992
418001
418010
418029
418038
418056
418065
418083
418162
418171
418199
418205
418223
418250
418269
418278
418287
418296
418302
418320
418339
418348
418357
418384
418409
418427
418445
418454
418463
418481
418506
418515
418524
418533
418542
418560
418588
418603
418612
418658
418700
418755
418764
418773
418782
418870
418889
418904
418913
418968
419022
419031
419095
419147
419156
419183
419217
419226
419235
419244
419253
419262
419271
419280
419314
419332
419341
419411
419420
419439
419484
419572
419633
419660
419703
419712
419721
420024
420103
420130
420194
420200
420255
420343
420370
420398
420404
420431
420440
420459
420468
420495
420501
420538
420556
420608
420723
420981
421513
421540
421559
421586
421610
421665
421708
421717
421771
421841
421878
421896
422020
422190
422835
423120
423397
423412
423476
423582
423652
423670
423980
424008
424424
425250
425393
425870
425889
425986
427025
427308
427335
427894
427919
427973
427982
427991
428000
428019
428055
428073
428125
428143
428170
428222
428295
428329
428338
428392
428426
429012
429100
429128
430050
430096
430102
430148
430157
430166
430175
430218
430227
430245
430254
430306
430342
430351
430360
430403
430421
430500
430564
430582
430670
430795
430847
430883
430908
430917
430935
430971
430980
430999
431017
431026
431071
431099
431105
431123
431141
431169
431187
431196
431248
431266
431275
431284
431309
431558
431594
431600
431637
431691
431707
431716
431770
431877
431886
431929
431956
431965
432074
432117
432144
432269
432302
432524
433013
433040
433068
433101
433138
433165
433174
433217
433466
433563
433970
434016
434061
434122
434140
434159
434274
434283
434308
434317
434326
434344
434362
434371
434380
434432
434469
434496
434502
434520
434566
434575
434584
434672
434690
434751
434812
434821
434830
434900
436003
436012
436021
436030
436067
436100
436182
436225
436270
436289
436304
436465
436526
436553
436562
436599
436632
436641
436650
436775
436784
436854
437060
437103
437237
437501
437529
437556
437565
437583
437608
437635
437653
437662
437705
437723
437732
437750
437769
437778
437857
437884
437927
437936
438036
438197
438212
438258
438267
438285
438294
438337
438504
438638
438647
438656
438665
438674
438708
438735
438805
438869
438887
438966
438984
439039
439084
439118
439127
439145
439190
439303
439312
439367
439400
439437
439455
439473
439482
439491
439507
439525
439570
439589
439604
439622
439631
439659
439668
439686
439695
439729
439738
439747
439756
439774
439792
439826
439844
439862
439871
439899
439905
439932
439978
439996
440004
440059
440077
440086
440101
440110
440129
440174
440217
440226
440235
440244
440253
440262
440271
440305
440323
440332
440369
440378
440402
440624
440642
440651
440721
440730
440776
440800
440819
440846
440855
440873
440882
440891
440907
440952
440970
440989
441016
441025
441052
441070
441089
441168
441195
441201
441210
441229
441256
441274
441317
441335
441344
441353
441362
441371
441380
441399
441405
441414
441423
441432
441441
441487
441496
441502
441548
441566
441575
441584
441593
441618
441627
441636
441645
441663
441672
441681
441690
441706
441733
441742
441751
441760
441779
441788
441797
441830
441858
441876
441894
441919
441928
442000
442037
442046
442073
442134
442204
442213
442231
442240
442310
442329
442347
442383
442408
442426
442435
442444
442462
442514
442523
442541
442602
442611
442620
442648
442657
442684
442727
442736
442745
442781
442790
442815
442833
442851
442879
442888
442921
442958
442967
442976
442985
443021
443030
443100
443137
443146
443173
443207
443216
443225
443234
443252
443261
443270
443289
443298
443322
443359
443368
443377
443429
443438
443483
443492
443517
443553
443562
443571
443605
443623
443632
443641
443650
443669
443678
443696
443739
443748
443827
443836
443845
443854
443872
443915
443942
443951
443979
444015
444024
444042
444051
444079
444121
444176
444194
444200
444219
444228
444237
444264
444282
444291
444307
444316
444325
444334
444343
444352
444361
444370
444389
444404
444422
444440
444459
444468
444477
444486
444510
444529
444547
444556
444565
444574
444583
444592
444608
444626
444635
444644
444653
444662
444671
444680
444705
444714
444732
444750
444769
444796
444802
444848
444857
444866
444893
444909
444936
444945
444954
444972
445009
445018
445054
445090
445115
445142
445197
445203
445212
445221
445230
445249
445328
445337
445346
445355
445364
445373
445382
445452
445461
445470
445489
445498
445504
445531
445540
445559
445577
445601
445610
445629
445638
445647
445656
445665
445674
445683
445726
445744
445753
445762
445771
445780
445799
445814
445832
445841
445850
445896
445911
445948
445957
445984
445993
446057
446075
446084
446093
446109
446118
446127
446136
446145
446154
446163
446190
446206
446215
446224
446242
446251
446260
446279
446288
446297
446303
446312
446321
446349
446358
446385
446400
446419
446428
446437
446446
446455
446464
446491
446507
446516
446525
446534
446543
446552
446570
446589
446598
446774
446783
446835
446844
446853
446880
446996
447014
447023
447102
447120
447148
447157
447166
447175
447209
447218
447227
447245
447254
447263
447315
447324
447333
447342
447351
447379
447388
447397
447403
447430
447449
447467
447494
447519
447528
447582
447591
447625
447634
447704
447713
447722
447731
447759
447768
447777
447795
447810
447829
447838
447847
447856
447865
447874
447883
447892
447908
447917
447935
447962
447971
447980
447999
448008
448017
448026
448035
448044
448053
448071
448080
448105
448114
448123
448141
448150
448196
448202
448211
448220
448248
448257
448266
448275
448354
448363
448372
448381
448406
448415
448424
448433
448460
448594
448600
448619
448637
448646
448655
448664
448707
448716
448725
448770
448789
448798
448859
448895
448965
448974
448983
449074
449083
449092
449117
449126
449135
449144
449153
449162
449171
449180
449199
449205
449214
449223
449232
449241
449250
449269
449278
449302
449311
449320
449357
449366
449375
449384
449393
449418
449436
449445
449454
449463
449472
449490
449506
449515
449524
449533
449551
449597
449603
449612
449667
449676
449685
449694
449700
449719
449728
449737
449746
449755
449773
449782
449791
449807
449816
449825
449843
449852
449861
449904
449913
449940
449959
449968
449977
449986
449995
450003
450012
450021
450058
450067
450076
450119
450128
450137
450146
450155
450173
450182
450191
450386
450395
450401
450438
450553
450562
450580
450599
450605
450614
450623
450632
450641
450650
450669
450678
450687
450696
450702
450720
450739
450757
450775
450784
450793
450809
450818
450827
450836
450845
450854
450863
450872
450881
450915
450951
450960
450988
450997
451006
451015
451024
451033
451042
451051
451088
451097
451103
451112
451121
451149
451158
451167
451185
451194
451200
451219
451228
451237
451246
451255
451264
451273
451282
451291
451307
451316
451325
451334
451343
451352
451361
451389
451413
451422
451431
451440
451459
451468
451477
451486
451495
451501
451529
451538
451547
451565
451574
451583
451592
451608
451617
451626
451635
451644
451653
451714
451741
451778
451787
451802
451811
451857
451866
451893
451909
451918
452009
452036
452045
452054
452063
452072
452081
452106
452115
452124
452151
452188
452203
452212
452230
452258
452373
452382
452461
452504
452522
452540
452559
452665
452692
452771
452780
452823
452841
452948
452957
452966
452984
453075
453109
453297
453303
453349
453455
453464
453473
453482
453507
453516
453552
453570
453613
453631
453640
453677
453747
453756
453774
453792
453817
453923
453932
454023
454032
454041
454069
454078
454157
454175
454193
454263
454281
454290
454306
454315
454324
454333
454342
454351
454360
454379
454388
454397
454403
454412
454421
454430
454449
454458
454467
454476
454485
454494
454500
454519
454528
454537
454546
454555
454564
454573
454607
454616
454625
454634
454652
454661
454698
454704
454713
454722
454731
454740
454759
454768
454777
454786
454795
454801
454810
454847
454865
454874
454883
454892
454908
454917
454926
454935
454944
454953
454962
454971
454980
454999
455008
455017
455026
455035
455044
455053
455062
455071
455080
455105
455114
455141
455187
455196
455202
455211
455220
455239
455248
455266
455275
455284
455293
455309
455318
455327
455336
455345
455354
455363
455372
455381
455390
455415
455424
455460
455479
455488
455497
455503
455512
455530
455549
455558
455567
455594
455628
455646
455655
455673
455707
455716
455725
455734
455743
455752
455761
455789
455798
455822
455831
455840
455859
455868
455877
455886
455895
455901
455910
455929
455938
455947
455956
455965
455974
455983
456001
456029
456038
456065
456074
456092
456117
456126
456135
456144
456153
456171
456180
456199
456205
456214
456250
456269
456278
456287
456302
456311
456320
456339
456357
456366
456375
456384
456418
456506
456515
456551
456560
456588
456597
456719
456728
456737
456746
456755
456764
456773
456825
456852
456861
456870
456889
456898
456904
456913
456922
456931
456940
456968
456977
456995
457004
457013
457031
457068
457077
457086
457095
457101
457110
457174
457192
457208
457217
457235
457244
457253
457262
457280
457305
457314
457323
457332
457341
457350
457369
457378
457387
457396
457411
457420
457439
457448
457457
457466
457475
457493
457509
457518
457527
457536
457545
457554
457563
457572
457581
457590
457606
457615
457624
457633
457642
457651
457660
457679
457703
457712
457721
457730
457749
457758
457767
457776
457785
457794
457800
457819
457828
457837
457846
457855
457864
457873
457882
457891
457907
457916
457925
457934
457943
457952
457961
457970
457989
457998
458007
458016
458025
458034
458043
458052
458061
458070
458089
458098
458104
458122
458131
458140
458168
458177
458186
458195
458201
458238
458247
458265
458274
458283
458292
458308
458317
458326
458335
458344
458353
458362
458371
458380
458399
458405
458414
458423
458441
458469
458478
458487
458520
458548
458575
458584
458593
458609
458618
458627
458636
458645
458654
458663
458672
458681
458690
458706
458715
458724
458797
458803
458812
458821
458830
458849
458858
458867
458876
458894
458900
458928
458946
459000
459019
459028
459037
459046
459055
459064
459073
459082
459116
459125
459134
459143
459152
459161
459170
459189
459198
459213
459231
459240
459277
459286
459295
459301
459310
459329
459338
459347
459356
459365
459374
459383
459392
459408
459417
459426
459435
459444
459453
459462
459471
459480
459499
459505
459514
459523
459532
459541
459550
459569
459578
459815
459833
459860
459879
459888
459897
459903
459912
459921
459930
459958
459967
459976
459985
460002
460011
460020
460057
460066
460093
460109
460118
460127
460136
460145
460172
460181
460190
460206
460215
460330
460358
460367
460376
460385
460394
460400
460419
460428
460437
460446
460455
460464
460482
460491
460507
460516
460525
460534
460543
460561
460570
460589
460598
460604
460622
460631
460640
460659
460668
460677
90000201137
