100733
101365
102580
103529
103723
104364
104531
104586
105163
105172
105367
108056
108250
110185
110501
113607
114390
116466
116475
116484
117928
119058
120740
121983
123448
124557
125037
127680
127699
128300
129428
132842
134149
134909
135063
135610
136066
136206
137148
137801
138309
139533
140340
141963
142337
144759
145770
146384
149240
149587
151485
151494
151500
151616
151625
151944
153409
153418
155636
157021
157599
157696
159638
160533
161280
162681
164146
166665
168838
170417
171298
172972
173966
173984
174154
174385
175014
175999
176637
177162
178439
181242
181400
181543
181747
182111
182519
183071
183327
184269
184694
186371
186399
188517
189556
189565
189583
190035
190424
192439
192457
192554
192563
193317
195827
198978
199175
200013
200785
201469
202541
202684
203313
203447
203456
203465
203474
203483
203492
203526
204006
204015
204316
204547
204671
204680
204699
204705
204802
204820
204839
204848
204866
205610
205647
206613
206631
207315
207342
208965
209445
214591
214607
214616
214625
214634
214643
214652
214670
214689
214698
214704
214713
214731
214740
214759
214768
214786
214795
214801
214810
214829
215275
218089
219213
220002
224402
225849
225858
227243
228714
228732
229090
229407
230384
230630
231156
231785
231828
233684
235510
237701
237950
238892
238935
239929
240392
240435
244011
244154
244190
245838
245847
245865
245883
245892
247083
247700
248882
251251
260293
260381
260910
260974
261472
262022
363439
365426
366580
366650
366678
366696
366702
366748
366757
367024
367909
367936
368601
369084
369817
369905
372213
372222
372578
373085
374972
375489
377069
377555
377564
378406
380465
381617
381787
381909
386472
390701
402615
402776
402828
404073
404082
404480
404648
405979
405988
405997
406006
406015
406547
407063
407285
407319
408039
409069
409829
409838
413839
413848
413857
413866
413884
414160
414531
414568
414586
414708
414878
416962
419457
419509
419536
420006
420042
420316
420802
420866
420972
421009
421018
423643
426314
427663
428259
428268
429599
430087
430184
430263
430379
430388
432199
432214
432223
432232
432241
432357
433536
434052
434539
434548
434557
434946
434955
434964
434973
434982
434991
435000
436094
436483
436818
436827
436836
437042
437051
437219
437325
437343
437361
437848
438151
438179
438382
438416
438586
438601
438610
438629
438902
439057
439136
439154
439163
439279
439297
439330
440138
440147
440165
440299
440341
440411
440420
440439
440448
440457
440466
440484
440536
440545
440572
440581
440590
440749
440758
440767
440828
440916
440925
441955
441964
441973
442143
442152
442161
442170
442189
442222
442338
442365
442499
442505
442578
442639
442718
442824
442897
443456
443465
443474
443526
443535
443544
443687
443711
443766
443784
443881
443890
443906
443924
443988
443997
444033
444060
444088
444158
444167
444255
444927
444990
445072
445081
445124
445133
445267
445276
445300
445319
445391
445407
445416
445434
445717
445920
445939
446677
446701
446710
446729
446738
446747
446756
446765
446792
446808
446817
446899
446905
446914
446923
446978
447069
447236
447272
447290
447421
447476
447485
447652
447661
447670
448284
448309
448336
448345
448442
448451
448479
448488
448497
448503
448512
448521
448530
448549
448558
448567
448585
448628
448673
448734
448822
448831
448840
448877
449010
449038
449931
450049
450085
450094
450207
450216
450225
450234
450243
450252
450261
450270
450289
450298
450377
450447
450456
450465
450474
450483
450492
450508
450517
450526
450535
450544
450571
450766
451662
451680
451699
451750
451769
451796
451820
451848
451875
451884
451936
451945
451954
451963
451972
451981
451990
452018
452027
452090
453127
453163
453215
454209
454218
454227
454236
454245
454582
455433
455585
455600
455619
455664
455682
456010
456056
456296
456348
456393
456409
456427
456436
456445
456481
456490
456612
456621
456630
456667
456782
456791
456807
456816
456834
456959
457022
457129
458210
458229
458256
458432
458496
458502
458511
458557
458733
458742
458751
458760
458779
458885
458919
458937
458955
458964
458973
458982
458991
459091
459107
459259
459268
459587
459596
459602
459611
459620
459639
459648
459657
459666
459675
459684
459693
459709
459718
459727
459745
459824
459842
459851
459994
460039
460048
460349
460473
460613
460783
460871
461005
461069
461148
462080
462099
462105
462114
462123
462132
462141
462150
462169
462178
462187
462196
462202
462211
462220
462239
462363
462372
462390
462406
466152
466161
466170
466189
466514
466921
466930
467058
467793
468006
468015
468024
470092
470162
470852
470861
470870
470889
470898
470904
474702
474906
474951
474960
474979
475121
475200
475228
475237
475273
475291
475370
475608
475617
475635
475699
475732
475741
475787
475866
475875
475884
476072
476319
476382
477011
477020
477039
477950
477996
478005
478014
479567
479576
479585
479594
479600
479619
479628
479637
479646
479655
479770
479956
480064
480073
480082
480091
480116
480134
480143
480198
480204
480301
480444
480569
