100733
101675
103529
108056
110501
118693
118888
124557
127565
128300
130448
135160
135188
135717
137315
138901
139621
140447
140483
140997
141963
143853
144777
147031
147129
147165
147244
149240
149587
151485
151962
153977
155511
155520
157359
157377
159638
160533
161280
164146
166665
166850
169220
169628
171100
171128
174020
174127
174279
175980
175999
178208
178439
181330
181747
182519
183327
188517
189565
190035
190114
191597
192457
192925
193016
193052
193061
193070
195827
198950
198969
198978
199175
199458
200244
202912
203960
203997
204006
204015
204024
204316
205179
205610
205647
209445
213987
213996
214041
214661
218335
220792
220808
220871
220978
220996
221014
223083
226806
226833
228732
229090
229407
230597
230959
231156
234845
239169
239309
239318
240435
245953
247083
247649
260381
373085
375489
383020
404480
407285
409379
417318
417752
420802
423643
434414
436377
436429
436702
438179
439020
439154
440138
442578
443599
443711
446978
447360
448336
451556
451769
454218
455585
456454
456782
457299
457688
458432
458742
461847
461883
475370
475495
475510
475608
475617
475635
475699
475732
475741
475787
475866
475875
475884
476072
476319
476382
476601
476692
476717
476975
477011
477020
477039
477950
477996
478005
478014
479567
479576
479585
479594
479600
479619
479628
479637
479646
479655
479770
479956
480064
480073
480082
480091
480116
480134
480143
480198
480204
480301
480444
480499
480569
