125037
146384
164368
216348
238573
262165
366702
366757
419536
420972
436377
437097
437343
437361
440572
440581
441159
443599
443988
460729
460738
460783
460871
460899
460941
461005
461023
461032
461069
461120
461139
461148
461236
461281
461485
461528
461643
461759
461795
461847
461883
462044
462080
462099
462105
462114
462123
462132
462141
462150
462169
462178
462187
462196
462202
462211
462220
462239
462354
462363
462372
462390
462406
465812
466152
466161
466170
466189
466514
466921
466930
467058
467793
468006
468015
468024
470092
470162
470852
470861
470870
470889
470898
470904
474702
474863
474890
474906
474951
474960
474979
475033
475121
475185
475200
475228
475237
475273
475291
475370
475495
475510
475608
475617
475635
475699
475732
475741
475787
475866
475875
475884
476072
476319
476382
476601
476692
476717
476975
477011
477020
477039
477950
477996
478005
478014
479567
479576
479585
479594
479600
479619
479628
479637
479646
479655
479770
479956
480064
480073
480082
480091
480116
480134
480143
480198
480204
480301
480444
480499
480569
